802
0.00000000 0.05000000 0.00000000
0.01372930 0.05000000 0.00000000
0.01372930 -0.05000000 0.00000000
0.00000000 -0.05000000 0.00000000
0.02749640 0.05000000 0.00000000
0.02749640 -0.05000000 0.00000000
0.04130140 0.05000000 0.00000000
0.04130140 -0.05000000 0.00000000
0.05514460 0.05000000 0.00000000
0.05514460 -0.05000000 0.00000000
0.06902590 0.05000000 0.00000000
0.06902590 -0.05000000 0.00000000
0.08294550 0.05000000 0.00000000
0.08294550 -0.05000000 0.00000000
0.09690340 0.05000000 0.00000000
0.09690340 -0.05000000 0.00000000
0.11090000 0.05000000 0.00000000
0.11090000 -0.05000000 0.00000000
0.12493500 0.05000000 0.00000000
0.12493500 -0.05000000 0.00000000
0.13900900 0.05000000 0.00000000
0.13900900 -0.05000000 0.00000000
0.15312100 0.05000000 0.00000000
0.15312100 -0.05000000 0.00000000
0.16727300 0.05000000 0.00000000
0.16727300 -0.05000000 0.00000000
0.18146300 0.05000000 0.00000000
0.18146300 -0.05000000 0.00000000
0.19569300 0.05000000 0.00000000
0.19569300 -0.05000000 0.00000000
0.20996200 0.05000000 0.00000000
0.20996200 -0.05000000 0.00000000
0.22427000 0.05000000 0.00000000
0.22427000 -0.05000000 0.00000000
0.23861700 0.05000000 0.00000000
0.23861700 -0.05000000 0.00000000
0.25300400 0.05000000 0.00000000
0.25300400 -0.05000000 0.00000000
0.26743100 0.05000000 0.00000000
0.26743100 -0.05000000 0.00000000
0.28189800 0.05000000 0.00000001
0.28189800 -0.05000000 0.00000000
0.29640400 0.05000000 0.00000000
0.29640400 -0.05000000 -0.00000002
0.31095100 0.05000000 -0.00000015
0.31095100 -0.05000000 0.00000010
0.32553800 0.05000000 0.00000123
0.32553800 -0.05000000 -0.00000026
0.34016400 0.05000000 -0.00000531
0.34016400 -0.05000000 -0.00000070
0.35483200 0.05000000 0.00000680
0.35483200 -0.05000000 0.00001261
0.36953900 0.05000000 0.00009496
0.36953900 -0.05000000 -0.00007781
0.38428700 0.05000000 -0.00092097
0.38428700 -0.05000000 0.00025019
0.39907600 0.05000000 0.00446787
0.39907600 -0.05000000 0.00022924
0.41390600 0.05000000 -0.00890404
0.41390600 -0.05000000 -0.00870894
0.42877600 0.05000000 -0.00890377
0.42877600 -0.05000000 -0.00878758
0.44368800 0.05000000 -0.00881107
0.44368800 -0.05000000 -0.00874386
0.45864000 0.05000000 -0.00864671
0.45864000 -0.05000000 -0.00860971
0.47363400 0.05000000 -0.00842718
0.47363400 -0.05000000 -0.00840872
0.48866900 0.05000000 -0.00816605
0.48866900 -0.05000000 -0.00815860
0.50374600 0.05000000 -0.00787399
0.50374600 -0.05000000 -0.00787301
0.51886400 0.05000000 -0.00755985
0.51886400 -0.05000000 -0.00756233
0.53402400 0.05000000 -0.00723053
0.53402400 -0.05000000 -0.00723475
0.54922600 0.05000000 -0.00689174
0.54922600 -0.05000000 -0.00689652
0.56446900 0.05000000 -0.00654782
0.56446900 -0.05000000 -0.00655263
0.57975500 0.05000000 -0.00620231
0.57975500 -0.05000000 -0.00620670
0.59508300 0.05000000 -0.00585789
0.59508300 -0.05000000 -0.00586178
0.61045300 0.05000000 -0.00551676
0.61045300 -0.05000000 -0.00551999
0.62586500 0.05000000 -0.00518038
0.62586500 -0.05000000 -0.00518308
0.64132000 0.05000000 -0.00485002
0.64132000 -0.05000000 -0.00485210
0.65681800 0.05000000 -0.00452639
0.65681800 -0.05000000 -0.00452804
0.67235800 0.05000000 -0.00421024
0.67235800 -0.05000000 -0.00421139
0.68794100 0.05000000 -0.00390171
0.68794100 -0.05000000 -0.00390259
0.70356700 0.05000000 -0.00360124
0.70356700 -0.05000000 -0.00360172
0.71923600 0.05000000 -0.00330868
0.71923600 -0.05000000 -0.00330904
0.73494800 0.05000000 -0.00302425
0.73494800 -0.05000000 -0.00302432
0.75070400 0.05000000 -0.00274752
0.75070400 -0.05000000 -0.00274762
0.76650300 0.05000000 -0.00247889
0.76650300 -0.05000000 -0.00247868
0.78234600 0.05000000 -0.00221772
0.78234600 -0.05000000 -0.00221766
0.79823200 0.05000000 -0.00196433
0.79823200 -0.05000000 -0.00196400
0.81416200 0.05000000 -0.00171804
0.81416200 -0.05000000 -0.00171794
0.83013600 0.05000000 -0.00147933
0.83013600 -0.05000000 -0.00147893
0.84615500 0.05000000 -0.00124734
0.84615500 -0.05000000 -0.00124728
0.86221700 0.05000000 -0.00102277
0.86221700 -0.05000000 -0.00102235
0.87832300 0.05000000 -0.00080458
0.87832300 -0.05000000 -0.00080461
0.89447400 0.05000000 -0.00059362
0.89447400 -0.05000000 -0.00059323
0.91067000 0.05000000 -0.00038861
0.91067000 -0.05000000 -0.00038886
0.92691000 0.05000000 -0.00019053
0.92691000 -0.05000000 -0.00019039
0.94319500 0.05000000 -0.00000015
0.94319500 -0.05000000 0.00000021
0.95952500 0.05000000 0.00018330
0.95952500 -0.05000000 0.00018362
0.97590000 0.05000000 0.00036021
0.97590000 -0.05000000 0.00036048
0.99232000 0.05000000 0.00053073
0.99232000 -0.05000000 0.00053093
1.00879000 0.05000000 0.00069491
1.00879000 -0.05000000 0.00069508
1.02530000 0.05000000 0.00085258
1.02530000 -0.05000000 0.00085274
1.04185000 0.05000000 0.00100384
1.04185000 -0.05000000 0.00100395
1.05845000 0.05000000 0.00114878
1.05845000 -0.05000000 0.00114887
1.07510000 0.05000000 0.00128727
1.07510000 -0.05000000 0.00128739
1.09179000 0.05000000 0.00141924
1.09179000 -0.05000000 0.00141934
1.10853000 0.05000000 0.00154472
1.10853000 -0.05000000 0.00154484
1.12532000 0.05000000 0.00166369
1.12532000 -0.05000000 0.00166382
1.14215000 0.05000000 0.00177607
1.14215000 -0.05000000 0.00177621
1.15903000 0.05000000 0.00188187
1.15903000 -0.05000000 0.00188204
1.17596000 0.05000000 0.00198108
1.17596000 -0.05000000 0.00198127
1.19293000 0.05000000 0.00207362
1.19293000 -0.05000000 0.00207385
1.20995000 0.05000000 0.00215959
1.20995000 -0.05000000 0.00215984
1.22701000 0.05000000 0.00223896
1.22701000 -0.05000000 0.00223926
1.24412000 0.05000000 0.00231177
1.24412000 -0.05000000 0.00231213
1.26128000 0.05000000 0.00237815
1.26128000 -0.05000000 0.00237854
1.27849000 0.05000000 0.00243821
1.27849000 -0.05000000 0.00243865
1.29574000 0.05000000 0.00249205
1.29574000 -0.05000000 0.00249252
1.31305000 0.05000000 0.00253991
1.31305000 -0.05000000 0.00254041
1.33040000 0.05000000 0.00258187
1.33040000 -0.05000000 0.00258243
1.34779000 0.05000000 0.00261813
1.34779000 -0.05000000 0.00261873
1.36524000 0.05000000 0.00264902
1.36524000 -0.05000000 0.00264964
1.38273000 0.05000000 0.00267474
1.38273000 -0.05000000 0.00267541
1.40027000 0.05000000 0.00269560
1.40027000 -0.05000000 0.00269630
1.41786000 0.05000000 0.00271197
1.41786000 -0.05000000 0.00271268
1.43550000 0.05000000 0.00272410
1.43550000 -0.05000000 0.00272487
1.45319000 0.05000000 0.00273243
1.45319000 -0.05000000 0.00273320
1.47093000 0.05000000 0.00273740
1.47093000 -0.05000000 0.00273818
1.48871000 0.05000000 0.00273952
1.48871000 -0.05000000 0.00274026
1.50654000 0.05000000 0.00273911
1.50654000 -0.05000000 0.00273987
1.52443000 0.05000000 0.00273672
1.52443000 -0.05000000 0.00273741
1.54236000 0.05000000 0.00273272
1.54236000 -0.05000000 0.00273340
1.56034000 0.05000000 0.00272753
1.56034000 -0.05000000 0.00272815
1.57837000 0.05000000 0.00272159
1.57837000 -0.05000000 0.00272215
1.59645000 0.05000000 0.00271531
1.59645000 -0.05000000 0.00271579
1.61459000 0.05000000 0.00270906
1.61459000 -0.05000000 0.00270944
1.63277000 0.05000000 0.00270314
1.63277000 -0.05000000 0.00270343
1.65100000 0.05000000 0.00269782
1.65100000 -0.05000000 0.00269798
1.66928000 0.05000000 0.00269318
1.66928000 -0.05000000 0.00269326
1.68761000 0.05000000 0.00268942
1.68761000 -0.05000000 0.00268935
1.70599000 0.05000000 0.00268646
1.70599000 -0.05000000 0.00268632
1.72443000 0.05000000 0.00268439
1.72443000 -0.05000000 0.00268405
1.74291000 0.05000000 0.00268298
1.74291000 -0.05000000 0.00268255
1.76145000 0.05000000 0.00268185
1.76145000 -0.05000000 0.00268134
1.78003000 0.05000000 0.00268067
1.78003000 -0.05000000 0.00268006
1.79867000 0.05000000 0.00267885
1.79867000 -0.05000000 0.00267826
1.81736000 0.05000000 0.00267560
1.81736000 -0.05000000 0.00267515
1.83610000 0.05000000 0.00267002
1.83610000 -0.05000000 0.00266988
1.85489000 0.05000000 0.00266086
1.85489000 -0.05000000 0.00266146
1.87373000 0.05000000 0.00264639
1.87373000 -0.05000000 0.00264845
1.89263000 0.05000000 0.00262452
1.89263000 -0.05000000 0.00262920
1.91158000 0.05000000 0.00259241
1.91158000 -0.05000000 0.00260184
1.93058000 0.05000000 0.00254617
1.93058000 -0.05000000 0.00256397
1.94963000 0.05000000 0.00248003
1.94963000 -0.05000000 0.00251266
1.96873000 0.05000000 0.00238596
1.96873000 -0.05000000 0.00244438
1.98789000 0.05000000 -0.00006195
1.98789000 -0.05000000 -0.00122298
2.00710000 0.05000000 -0.00006837
2.00710000 -0.05000000 0.00025140
2.02636000 0.05000000 0.00002117
2.02636000 -0.05000000 -0.00002584
2.04568000 0.05000000 -0.00000342
2.04568000 -0.05000000 -0.00000185
2.06505000 0.05000000 0.00000019
2.06505000 -0.05000000 0.00000144
2.08447000 0.05000000 0.00000007
2.08447000 -0.05000000 -0.00000033
2.10395000 0.05000000 -0.00000003
2.10395000 -0.05000000 0.00000004
2.12348000 0.05000000 0.00000000
2.12348000 -0.05000000 0.00000000
2.14306000 0.05000000 0.00000000
2.14306000 -0.05000000 0.00000000
2.16270000 0.05000000 0.00000000
2.16270000 -0.05000000 0.00000000
2.18239000 0.05000000 0.00000000
2.18239000 -0.05000000 0.00000000
2.20214000 0.05000000 0.00000000
2.20214000 -0.05000000 0.00000000
2.22194000 0.05000000 0.00000000
2.22194000 -0.05000000 0.00000000
2.24180000 0.05000000 0.00000000
2.24180000 -0.05000000 0.00000000
2.26171000 0.05000000 0.00000000
2.26171000 -0.05000000 0.00000000
2.28167000 0.05000000 0.00000000
2.28167000 -0.05000000 0.00000000
2.30169000 0.05000000 0.00000000
2.30169000 -0.05000000 0.00000000
2.32177000 0.05000000 0.00000000
2.32177000 -0.05000000 0.00000000
2.34190000 0.05000000 0.00000000
2.34190000 -0.05000000 0.00000000
2.36209000 0.05000000 0.00000000
2.36209000 -0.05000000 0.00000000
2.38233000 0.05000000 0.00000000
2.38233000 -0.05000000 0.00000000
2.40263000 0.05000000 0.00000000
2.40263000 -0.05000000 0.00000000
2.42298000 0.05000000 0.00000000
2.42298000 -0.05000000 0.00000000
2.44339000 0.05000000 0.00000000
2.44339000 -0.05000000 0.00000000
2.46386000 0.05000000 0.00000000
2.46386000 -0.05000000 0.00000000
2.48438000 0.05000000 0.00000000
2.48438000 -0.05000000 0.00000000
2.50496000 0.05000000 0.00000000
2.50496000 -0.05000000 0.00000000
2.52559000 0.05000000 0.00000000
2.52559000 -0.05000000 0.00000000
2.54629000 0.05000000 0.00000000
2.54629000 -0.05000000 0.00000000
2.56704000 0.05000000 0.00000000
2.56704000 -0.05000000 0.00000000
2.58784000 0.05000000 0.00000000
2.58784000 -0.05000000 0.00000000
2.60871000 0.05000000 0.00000000
2.60871000 -0.05000000 0.00000000
2.62963000 0.05000000 0.00000000
2.62963000 -0.05000000 0.00000000
2.65061000 0.05000000 0.00000000
2.65061000 -0.05000000 0.00000000
2.67165000 0.05000000 0.00000000
2.67165000 -0.05000000 0.00000000
2.69274000 0.05000000 0.00000000
2.69274000 -0.05000000 0.00000000
2.71390000 0.05000000 0.00000000
2.71390000 -0.05000000 0.00000000
2.73511000 0.05000000 0.00000000
2.73511000 -0.05000000 0.00000000
2.75638000 0.05000000 0.00000000
2.75638000 -0.05000000 0.00000000
2.77771000 0.05000000 0.00000000
2.77771000 -0.05000000 0.00000000
2.79910000 0.05000000 0.00000000
2.79910000 -0.05000000 0.00000000
2.82054000 0.05000000 0.00000000
2.82054000 -0.05000000 0.00000000
2.84205000 0.05000000 0.00000000
2.84205000 -0.05000000 0.00000000
2.86361000 0.05000000 0.00000000
2.86361000 -0.05000000 0.00000000
2.88524000 0.05000000 0.00000000
2.88524000 -0.05000000 0.00000000
2.90692000 0.05000000 0.00000000
2.90692000 -0.05000000 0.00000000
2.92867000 0.05000000 0.00000000
2.92867000 -0.05000000 0.00000000
2.95047000 0.05000000 0.00000000
2.95047000 -0.05000000 0.00000000
2.97234000 0.05000000 0.00000000
2.97234000 -0.05000000 0.00000000
2.99426000 0.05000000 0.00000000
2.99426000 -0.05000000 0.00000000
3.01625000 0.05000000 0.00000000
3.01625000 -0.05000000 0.00000000
3.03829000 0.05000000 0.00000000
3.03829000 -0.05000000 0.00000000
3.06040000 0.05000000 0.00000000
3.06040000 -0.05000000 0.00000000
3.08257000 0.05000000 0.00000000
3.08257000 -0.05000000 0.00000000
3.10479000 0.05000000 0.00000000
3.10479000 -0.05000000 0.00000000
3.12708000 0.05000000 0.00000000
3.12708000 -0.05000000 0.00000000
3.14943000 0.05000000 0.00000000
3.14943000 -0.05000000 0.00000000
3.17185000 0.05000000 0.00000000
3.17185000 -0.05000000 0.00000000
3.19432000 0.05000000 0.00000000
3.19432000 -0.05000000 0.00000000
3.21686000 0.05000000 0.00000000
3.21686000 -0.05000000 0.00000000
3.23946000 0.05000000 0.00000000
3.23946000 -0.05000000 0.00000000
3.26212000 0.05000000 0.00000000
3.26212000 -0.05000000 0.00000000
3.28484000 0.05000000 0.00000000
3.28484000 -0.05000000 0.00000000
3.30763000 0.05000000 0.00000000
3.30763000 -0.05000000 0.00000000
3.33048000 0.05000000 0.00000000
3.33048000 -0.05000000 0.00000000
3.35339000 0.05000000 0.00000000
3.35339000 -0.05000000 0.00000000
3.37637000 0.05000000 0.00000000
3.37637000 -0.05000000 0.00000000
3.39940000 0.05000000 0.00000000
3.39940000 -0.05000000 0.00000000
3.42251000 0.05000000 0.00000000
3.42251000 -0.05000000 0.00000000
3.44567000 0.05000000 0.00000000
3.44567000 -0.05000000 0.00000000
3.46890000 0.05000000 0.00000000
3.46890000 -0.05000000 0.00000000
3.49220000 0.05000000 0.00000000
3.49220000 -0.05000000 0.00000000
3.51555000 0.05000000 0.00000000
3.51555000 -0.05000000 0.00000000
3.53898000 0.05000000 0.00000000
3.53898000 -0.05000000 0.00000000
3.56246000 0.05000000 0.00000000
3.56246000 -0.05000000 0.00000000
3.58601000 0.05000000 0.00000000
3.58601000 -0.05000000 0.00000000
3.60963000 0.05000000 0.00000000
3.60963000 -0.05000000 0.00000000
3.63331000 0.05000000 0.00000000
3.63331000 -0.05000000 0.00000000
3.65706000 0.05000000 0.00000000
3.65706000 -0.05000000 0.00000000
3.68087000 0.05000000 0.00000000
3.68087000 -0.05000000 0.00000000
3.70475000 0.05000000 0.00000000
3.70475000 -0.05000000 0.00000000
3.72869000 0.05000000 0.00000000
3.72869000 -0.05000000 0.00000000
3.75270000 0.05000000 0.00000000
3.75270000 -0.05000000 0.00000000
3.77678000 0.05000000 0.00000000
3.77678000 -0.05000000 0.00000000
3.80092000 0.05000000 0.00000000
3.80092000 -0.05000000 0.00000000
3.82513000 0.05000000 0.00000000
3.82513000 -0.05000000 0.00000000
3.84941000 0.05000000 0.00000000
3.84941000 -0.05000000 0.00000000
3.87375000 0.05000000 0.00000000
3.87375000 -0.05000000 0.00000000
3.89816000 0.05000000 0.00000000
3.89816000 -0.05000000 0.00000000
3.92264000 0.05000000 0.00000000
3.92264000 -0.05000000 0.00000000
3.94718000 0.05000000 0.00000000
3.94718000 -0.05000000 0.00000000
3.97180000 0.05000000 0.00000000
3.97180000 -0.05000000 0.00000000
3.99648000 0.05000000 0.00000000
3.99648000 -0.05000000 0.00000000
4.02122000 0.05000000 0.00000000
4.02122000 -0.05000000 0.00000000
4.04604000 0.05000000 0.00000000
4.04604000 -0.05000000 0.00000000
4.07093000 0.05000000 0.00000000
4.07093000 -0.05000000 0.00000000
4.09588000 0.05000000 0.00000000
4.09588000 -0.05000000 0.00000000
4.12090000 0.05000000 0.00000000
4.12090000 -0.05000000 0.00000000
4.14599000 0.05000000 0.00000000
4.14599000 -0.05000000 0.00000000
4.17115000 0.05000000 0.00000000
4.17115000 -0.05000000 0.00000000
4.19638000 0.05000000 0.00000000
4.19638000 -0.05000000 0.00000000
4.22168000 0.05000000 0.00000000
4.22168000 -0.05000000 0.00000000
4.24705000 0.05000000 0.00000000
4.24705000 -0.05000000 0.00000000
4.27249000 0.05000000 0.00000000
4.27249000 -0.05000000 0.00000000
4.29800000 0.05000000 0.00000000
4.29800000 -0.05000000 0.00000000
4.32358000 0.05000000 0.00000000
4.32358000 -0.05000000 0.00000000
4.34923000 0.05000000 0.00000000
4.34923000 -0.05000000 0.00000000
4.37495000 0.05000000 0.00000000
4.37495000 -0.05000000 0.00000000
4.40075000 0.05000000 0.00000000
4.40075000 -0.05000000 0.00000000
4.42661000 0.05000000 0.00000000
4.42661000 -0.05000000 0.00000000
4.45254000 0.05000000 0.00000000
4.45254000 -0.05000000 0.00000000
4.47855000 0.05000000 0.00000000
4.47855000 -0.05000000 0.00000000
4.50463000 0.05000000 0.00000000
4.50463000 -0.05000000 0.00000000
4.53078000 0.05000000 0.00000000
4.53078000 -0.05000000 0.00000000
4.55700000 0.05000000 0.00000000
4.55700000 -0.05000000 0.00000000
4.58329000 0.05000000 0.00000000
4.58329000 -0.05000000 0.00000000
4.60966000 0.05000000 0.00000000
4.60966000 -0.05000000 0.00000000
4.63610000 0.05000000 0.00000000
4.63610000 -0.05000000 0.00000000
4.66261000 0.05000000 0.00000000
4.66261000 -0.05000000 0.00000000
4.68919000 0.05000000 0.00000000
4.68919000 -0.05000000 0.00000000
4.71585000 0.05000000 0.00000000
4.71585000 -0.05000000 0.00000000
4.74258000 0.05000000 0.00000000
4.74258000 -0.05000000 0.00000000
4.76939000 0.05000000 0.00000000
4.76939000 -0.05000000 0.00000000
4.79627000 0.05000000 0.00000000
4.79627000 -0.05000000 0.00000000
4.82322000 0.05000000 0.00000000
4.82322000 -0.05000000 0.00000000
4.85025000 0.05000000 0.00000000
4.85025000 -0.05000000 0.00000000
4.87735000 0.05000000 0.00000000
4.87735000 -0.05000000 0.00000000
4.90453000 0.05000000 0.00000000
4.90453000 -0.05000000 0.00000000
4.93178000 0.05000000 0.00000000
4.93178000 -0.05000000 0.00000000
4.95911000 0.05000000 0.00000000
4.95911000 -0.05000000 0.00000000
4.98651000 0.05000000 0.00000000
4.98651000 -0.05000000 0.00000000
5.01399000 0.05000000 0.00000000
5.01399000 -0.05000000 0.00000000
5.04154000 0.05000000 0.00000000
5.04154000 -0.05000000 0.00000000
5.06917000 0.05000000 0.00000000
5.06917000 -0.05000000 0.00000000
5.09688000 0.05000000 0.00000000
5.09688000 -0.05000000 0.00000000
5.12466000 0.05000000 0.00000000
5.12466000 -0.05000000 0.00000000
5.15252000 0.05000000 0.00000000
5.15252000 -0.05000000 0.00000000
5.18046000 0.05000000 0.00000000
5.18046000 -0.05000000 0.00000000
5.20847000 0.05000000 0.00000000
5.20847000 -0.05000000 0.00000000
5.23656000 0.05000000 0.00000000
5.23656000 -0.05000000 0.00000000
5.26473000 0.05000000 0.00000000
5.26473000 -0.05000000 0.00000000
5.29297000 0.05000000 0.00000000
5.29297000 -0.05000000 0.00000000
5.32130000 0.05000000 0.00000000
5.32130000 -0.05000000 0.00000000
5.34970000 0.05000000 0.00000000
5.34970000 -0.05000000 0.00000000
5.37818000 0.05000000 0.00000000
5.37818000 -0.05000000 0.00000000
5.40673000 0.05000000 0.00000000
5.40673000 -0.05000000 0.00000000
5.43537000 0.05000000 0.00000000
5.43537000 -0.05000000 0.00000000
5.46409000 0.05000000 0.00000000
5.46409000 -0.05000000 0.00000000
5.49288000 0.05000000 0.00000000
5.49288000 -0.05000000 0.00000000
5.52176000 0.05000000 0.00000000
5.52176000 -0.05000000 0.00000000
5.55071000 0.05000000 0.00000000
5.55071000 -0.05000000 0.00000000
5.57974000 0.05000000 0.00000000
5.57974000 -0.05000000 0.00000000
5.60886000 0.05000000 0.00000000
5.60886000 -0.05000000 0.00000000
5.63805000 0.05000000 0.00000000
5.63805000 -0.05000000 0.00000000
5.66733000 0.05000000 0.00000000
5.66733000 -0.05000000 0.00000000
5.69668000 0.05000000 0.00000000
5.69668000 -0.05000000 0.00000000
5.72612000 0.05000000 0.00000000
5.72612000 -0.05000000 0.00000000
5.75563000 0.05000000 0.00000000
5.75563000 -0.05000000 0.00000000
5.78523000 0.05000000 0.00000000
5.78523000 -0.05000000 0.00000000
5.81491000 0.05000000 0.00000000
5.81491000 -0.05000000 0.00000000
5.84468000 0.05000000 0.00000000
5.84468000 -0.05000000 0.00000000
5.87452000 0.05000000 0.00000000
5.87452000 -0.05000000 0.00000000
5.90445000 0.05000000 0.00000000
5.90445000 -0.05000000 0.00000000
5.93446000 0.05000000 0.00000000
5.93446000 -0.05000000 0.00000000
5.96455000 0.05000000 0.00000000
5.96455000 -0.05000000 0.00000000
5.99472000 0.05000000 0.00000000
5.99472000 -0.05000000 0.00000000
6.02498000 0.05000000 0.00000000
6.02498000 -0.05000000 0.00000000
6.05532000 0.05000000 0.00000000
6.05532000 -0.05000000 0.00000000
6.08575000 0.05000000 0.00000000
6.08575000 -0.05000000 0.00000000
6.11626000 0.05000000 0.00000000
6.11626000 -0.05000000 0.00000000
6.14685000 0.05000000 0.00000000
6.14685000 -0.05000000 0.00000000
6.17753000 0.05000000 0.00000000
6.17753000 -0.05000000 0.00000000
6.20829000 0.05000000 0.00000000
6.20829000 -0.05000000 0.00000000
6.23913000 0.05000000 0.00000000
6.23913000 -0.05000000 0.00000000
6.27007000 0.05000000 0.00000000
6.27007000 -0.05000000 0.00000000
6.30108000 0.05000000 0.00000000
6.30108000 -0.05000000 0.00000000
6.33219000 0.05000000 0.00000000
6.33219000 -0.05000000 0.00000000
6.36337000 0.05000000 0.00000000
6.36337000 -0.05000000 0.00000000
6.39465000 0.05000000 0.00000000
6.39465000 -0.05000000 0.00000000
6.42601000 0.05000000 0.00000000
6.42601000 -0.05000000 0.00000000
6.45746000 0.05000000 0.00000000
6.45746000 -0.05000000 0.00000000
6.48899000 0.05000000 0.00000000
6.48899000 -0.05000000 0.00000000
6.52061000 0.05000000 0.00000000
6.52061000 -0.05000000 0.00000000
6.55232000 0.05000000 0.00000000
6.55232000 -0.05000000 0.00000000
6.58411000 0.05000000 0.00000000
6.58411000 -0.05000000 0.00000000
6.61600000 0.05000000 0.00000000
6.61600000 -0.05000000 0.00000000
6.64797000 0.05000000 0.00000000
6.64797000 -0.05000000 0.00000000
6.68003000 0.05000000 0.00000000
6.68003000 -0.05000000 0.00000000
6.71218000 0.05000000 0.00000000
6.71218000 -0.05000000 0.00000000
6.74441000 0.05000000 0.00000000
6.74441000 -0.05000000 0.00000000
6.77674000 0.05000000 0.00000000
6.77674000 -0.05000000 0.00000000
6.80915000 0.05000000 0.00000000
6.80915000 -0.05000000 0.00000000
6.84165000 0.05000000 0.00000000
6.84165000 -0.05000000 0.00000000
6.87425000 0.05000000 0.00000000
6.87425000 -0.05000000 0.00000000
6.90693000 0.05000000 0.00000000
6.90693000 -0.05000000 0.00000000
6.93970000 0.05000000 0.00000000
6.93970000 -0.05000000 0.00000000
6.97257000 0.05000000 0.00000000
6.97257000 -0.05000000 0.00000000
7.00552000 0.05000000 0.00000000
7.00552000 -0.05000000 0.00000000
7.03857000 0.05000000 0.00000000
7.03857000 -0.05000000 0.00000000
7.07170000 0.05000000 0.00000000
7.07170000 -0.05000000 0.00000000
7.10493000 0.05000000 0.00000000
7.10493000 -0.05000000 0.00000000
7.13825000 0.05000000 0.00000000
7.13825000 -0.05000000 0.00000000
7.17166000 0.05000000 0.00000000
7.17166000 -0.05000000 0.00000000
7.20516000 0.05000000 0.00000000
7.20516000 -0.05000000 0.00000000
7.23876000 0.05000000 0.00000000
7.23876000 -0.05000000 0.00000000
7.27245000 0.05000000 0.00000000
7.27245000 -0.05000000 0.00000000
7.30623000 0.05000000 0.00000000
7.30623000 -0.05000000 0.00000000
7.34010000 0.05000000 0.00000000
7.34010000 -0.05000000 0.00000000
7.37407000 0.05000000 0.00000000
7.37407000 -0.05000000 0.00000000
7.40813000 0.05000000 0.00000000
7.40813000 -0.05000000 0.00000000
7.44228000 0.05000000 0.00000000
7.44228000 -0.05000000 0.00000000
7.47653000 0.05000000 0.00000000
7.47653000 -0.05000000 0.00000000
7.51088000 0.05000000 0.00000000
7.51088000 -0.05000000 0.00000000
7.54532000 0.05000000 0.00000000
7.54532000 -0.05000000 0.00000000
7.57985000 0.05000000 0.00000000
7.57985000 -0.05000000 0.00000000
7.61448000 0.05000000 0.00000000
7.61448000 -0.05000000 0.00000000
7.64920000 0.05000000 0.00000000
7.64920000 -0.05000000 0.00000000
7.68402000 0.05000000 0.00000000
7.68402000 -0.05000000 0.00000000
7.71894000 0.05000000 0.00000000
7.71894000 -0.05000000 0.00000000
7.75395000 0.05000000 0.00000000
7.75395000 -0.05000000 0.00000000
7.78906000 0.05000000 0.00000000
7.78906000 -0.05000000 0.00000000
7.82426000 0.05000000 0.00000000
7.82426000 -0.05000000 0.00000000
7.85956000 0.05000000 0.00000000
7.85956000 -0.05000000 0.00000000
7.89496000 0.05000000 0.00000000
7.89496000 -0.05000000 0.00000000
7.93046000 0.05000000 0.00000000
7.93046000 -0.05000000 0.00000000
7.96606000 0.05000000 0.00000000
7.96606000 -0.05000000 0.00000000
8.00175000 0.05000000 0.00000000
8.00175000 -0.05000000 0.00000000
8.03754000 0.05000000 0.00000000
8.03754000 -0.05000000 0.00000000
8.07343000 0.05000000 0.00000000
8.07343000 -0.05000000 0.00000000
8.10942000 0.05000000 0.00000000
8.10942000 -0.05000000 0.00000000
8.14551000 0.05000000 0.00000000
8.14551000 -0.05000000 0.00000000
8.18170000 0.05000000 0.00000000
8.18170000 -0.05000000 0.00000000
8.21799000 0.05000000 0.00000000
8.21799000 -0.05000000 0.00000000
8.25437000 0.05000000 0.00000000
8.25437000 -0.05000000 0.00000000
8.29086000 0.05000000 0.00000000
8.29086000 -0.05000000 0.00000000
8.32745000 0.05000000 0.00000000
8.32745000 -0.05000000 0.00000000
8.36414000 0.05000000 0.00000000
8.36414000 -0.05000000 0.00000000
8.40093000 0.05000000 0.00000000
8.40093000 -0.05000000 0.00000000
8.43782000 0.05000000 0.00000000
8.43782000 -0.05000000 0.00000000
8.47482000 0.05000000 0.00000000
8.47482000 -0.05000000 0.00000000
8.51191000 0.05000000 0.00000000
8.51191000 -0.05000000 0.00000000
8.54911000 0.05000000 0.00000000
8.54911000 -0.05000000 0.00000000
8.58641000 0.05000000 0.00000000
8.58641000 -0.05000000 0.00000000
8.62382000 0.05000000 0.00000000
8.62382000 -0.05000000 0.00000000
8.66132000 0.05000000 0.00000000
8.66132000 -0.05000000 0.00000000
8.69894000 0.05000000 0.00000000
8.69894000 -0.05000000 0.00000000
8.73665000 0.05000000 0.00000000
8.73665000 -0.05000000 0.00000000
8.77447000 0.05000000 0.00000000
8.77447000 -0.05000000 0.00000000
8.81239000 0.05000000 0.00000000
8.81239000 -0.05000000 0.00000000
8.85042000 0.05000000 0.00000000
8.85042000 -0.05000000 0.00000000
8.88855000 0.05000000 0.00000000
8.88855000 -0.05000000 0.00000000
8.92679000 0.05000000 0.00000000
8.92679000 -0.05000000 0.00000000
8.96513000 0.05000000 0.00000000
8.96513000 -0.05000000 0.00000000
9.00358000 0.05000000 0.00000000
9.00358000 -0.05000000 0.00000000
9.04213000 0.05000000 0.00000000
9.04213000 -0.05000000 0.00000000
9.08079000 0.05000000 0.00000000
9.08079000 -0.05000000 0.00000000
9.11956000 0.05000000 0.00000000
9.11956000 -0.05000000 0.00000000
9.15843000 0.05000000 0.00000000
9.15843000 -0.05000000 0.00000000
9.19741000 0.05000000 0.00000000
9.19741000 -0.05000000 0.00000000
9.23650000 0.05000000 0.00000000
9.23650000 -0.05000000 0.00000000
9.27570000 0.05000000 0.00000000
9.27570000 -0.05000000 0.00000000
9.31500000 0.05000000 0.00000000
9.31500000 -0.05000000 0.00000000
9.35441000 0.05000000 0.00000000
9.35441000 -0.05000000 0.00000000
9.39393000 0.05000000 0.00000000
9.39393000 -0.05000000 0.00000000
9.43356000 0.05000000 0.00000000
9.43356000 -0.05000000 0.00000000
9.47330000 0.05000000 0.00000000
9.47330000 -0.05000000 0.00000000
9.51315000 0.05000000 0.00000000
9.51315000 -0.05000000 0.00000000
9.55311000 0.05000000 0.00000000
9.55311000 -0.05000000 0.00000000
9.59318000 0.05000000 0.00000000
9.59318000 -0.05000000 0.00000000
9.63336000 0.05000000 0.00000000
9.63336000 -0.05000000 0.00000000
9.67365000 0.05000000 0.00000000
9.67365000 -0.05000000 0.00000000
9.71405000 0.05000000 0.00000000
9.71405000 -0.05000000 0.00000000
9.75457000 0.05000000 0.00000000
9.75457000 -0.05000000 0.00000000
9.79519000 0.05000000 0.00000000
9.79519000 -0.05000000 0.00000000
9.83593000 0.05000000 0.00000000
9.83593000 -0.05000000 0.00000000
9.87678000 0.05000000 0.00000000
9.87678000 -0.05000000 0.00000000
9.91774000 0.05000000 0.00000000
9.91774000 -0.05000000 0.00000000
9.95881000 0.05000000 0.00000000
9.95881000 -0.05000000 0.00000000
10.00000000 0.05000000 0.00000000
10.00000000 -0.05000000 0.00000000
