800
0 1 2
2 3 0
1 4 5
5 2 1
4 6 7
7 5 4
6 8 9
9 7 6
8 10 11
11 9 8
10 12 13
13 11 10
12 14 15
15 13 12
14 16 17
17 15 14
16 18 19
19 17 16
18 20 21
21 19 18
20 22 23
23 21 20
22 24 25
25 23 22
24 26 27
27 25 24
26 28 29
29 27 26
28 30 31
31 29 28
30 32 33
33 31 30
32 34 35
35 33 32
34 36 37
37 35 34
36 38 39
39 37 36
38 40 41
41 39 38
40 42 43
43 41 40
42 44 45
45 43 42
44 46 47
47 45 44
46 48 49
49 47 46
48 50 51
51 49 48
50 52 53
53 51 50
52 54 55
55 53 52
54 56 57
57 55 54
56 58 59
59 57 56
58 60 61
61 59 58
60 62 63
63 61 60
62 64 65
65 63 62
64 66 67
67 65 64
66 68 69
69 67 66
68 70 71
71 69 68
70 72 73
73 71 70
72 74 75
75 73 72
74 76 77
77 75 74
76 78 79
79 77 76
78 80 81
81 79 78
80 82 83
83 81 80
82 84 85
85 83 82
84 86 87
87 85 84
86 88 89
89 87 86
88 90 91
91 89 88
90 92 93
93 91 90
92 94 95
95 93 92
94 96 97
97 95 94
96 98 99
99 97 96
98 100 101
101 99 98
100 102 103
103 101 100
102 104 105
105 103 102
104 106 107
107 105 104
106 108 109
109 107 106
108 110 111
111 109 108
110 112 113
113 111 110
112 114 115
115 113 112
114 116 117
117 115 114
116 118 119
119 117 116
118 120 121
121 119 118
120 122 123
123 121 120
122 124 125
125 123 122
124 126 127
127 125 124
126 128 129
129 127 126
128 130 131
131 129 128
130 132 133
133 131 130
132 134 135
135 133 132
134 136 137
137 135 134
136 138 139
139 137 136
138 140 141
141 139 138
140 142 143
143 141 140
142 144 145
145 143 142
144 146 147
147 145 144
146 148 149
149 147 146
148 150 151
151 149 148
150 152 153
153 151 150
152 154 155
155 153 152
154 156 157
157 155 154
156 158 159
159 157 156
158 160 161
161 159 158
160 162 163
163 161 160
162 164 165
165 163 162
164 166 167
167 165 164
166 168 169
169 167 166
168 170 171
171 169 168
170 172 173
173 171 170
172 174 175
175 173 172
174 176 177
177 175 174
176 178 179
179 177 176
178 180 181
181 179 178
180 182 183
183 181 180
182 184 185
185 183 182
184 186 187
187 185 184
186 188 189
189 187 186
188 190 191
191 189 188
190 192 193
193 191 190
192 194 195
195 193 192
194 196 197
197 195 194
196 198 199
199 197 196
198 200 201
201 199 198
200 202 203
203 201 200
202 204 205
205 203 202
204 206 207
207 205 204
206 208 209
209 207 206
208 210 211
211 209 208
210 212 213
213 211 210
212 214 215
215 213 212
214 216 217
217 215 214
216 218 219
219 217 216
218 220 221
221 219 218
220 222 223
223 221 220
222 224 225
225 223 222
224 226 227
227 225 224
226 228 229
229 227 226
228 230 231
231 229 228
230 232 233
233 231 230
232 234 235
235 233 232
234 236 237
237 235 234
236 238 239
239 237 236
238 240 241
241 239 238
240 242 243
243 241 240
242 244 245
245 243 242
244 246 247
247 245 244
246 248 249
249 247 246
248 250 251
251 249 248
250 252 253
253 251 250
252 254 255
255 253 252
254 256 257
257 255 254
256 258 259
259 257 256
258 260 261
261 259 258
260 262 263
263 261 260
262 264 265
265 263 262
264 266 267
267 265 264
266 268 269
269 267 266
268 270 271
271 269 268
270 272 273
273 271 270
272 274 275
275 273 272
274 276 277
277 275 274
276 278 279
279 277 276
278 280 281
281 279 278
280 282 283
283 281 280
282 284 285
285 283 282
284 286 287
287 285 284
286 288 289
289 287 286
288 290 291
291 289 288
290 292 293
293 291 290
292 294 295
295 293 292
294 296 297
297 295 294
296 298 299
299 297 296
298 300 301
301 299 298
300 302 303
303 301 300
302 304 305
305 303 302
304 306 307
307 305 304
306 308 309
309 307 306
308 310 311
311 309 308
310 312 313
313 311 310
312 314 315
315 313 312
314 316 317
317 315 314
316 318 319
319 317 316
318 320 321
321 319 318
320 322 323
323 321 320
322 324 325
325 323 322
324 326 327
327 325 324
326 328 329
329 327 326
328 330 331
331 329 328
330 332 333
333 331 330
332 334 335
335 333 332
334 336 337
337 335 334
336 338 339
339 337 336
338 340 341
341 339 338
340 342 343
343 341 340
342 344 345
345 343 342
344 346 347
347 345 344
346 348 349
349 347 346
348 350 351
351 349 348
350 352 353
353 351 350
352 354 355
355 353 352
354 356 357
357 355 354
356 358 359
359 357 356
358 360 361
361 359 358
360 362 363
363 361 360
362 364 365
365 363 362
364 366 367
367 365 364
366 368 369
369 367 366
368 370 371
371 369 368
370 372 373
373 371 370
372 374 375
375 373 372
374 376 377
377 375 374
376 378 379
379 377 376
378 380 381
381 379 378
380 382 383
383 381 380
382 384 385
385 383 382
384 386 387
387 385 384
386 388 389
389 387 386
388 390 391
391 389 388
390 392 393
393 391 390
392 394 395
395 393 392
394 396 397
397 395 394
396 398 399
399 397 396
398 400 401
401 399 398
400 402 403
403 401 400
402 404 405
405 403 402
404 406 407
407 405 404
406 408 409
409 407 406
408 410 411
411 409 408
410 412 413
413 411 410
412 414 415
415 413 412
414 416 417
417 415 414
416 418 419
419 417 416
418 420 421
421 419 418
420 422 423
423 421 420
422 424 425
425 423 422
424 426 427
427 425 424
426 428 429
429 427 426
428 430 431
431 429 428
430 432 433
433 431 430
432 434 435
435 433 432
434 436 437
437 435 434
436 438 439
439 437 436
438 440 441
441 439 438
440 442 443
443 441 440
442 444 445
445 443 442
444 446 447
447 445 444
446 448 449
449 447 446
448 450 451
451 449 448
450 452 453
453 451 450
452 454 455
455 453 452
454 456 457
457 455 454
456 458 459
459 457 456
458 460 461
461 459 458
460 462 463
463 461 460
462 464 465
465 463 462
464 466 467
467 465 464
466 468 469
469 467 466
468 470 471
471 469 468
470 472 473
473 471 470
472 474 475
475 473 472
474 476 477
477 475 474
476 478 479
479 477 476
478 480 481
481 479 478
480 482 483
483 481 480
482 484 485
485 483 482
484 486 487
487 485 484
486 488 489
489 487 486
488 490 491
491 489 488
490 492 493
493 491 490
492 494 495
495 493 492
494 496 497
497 495 494
496 498 499
499 497 496
498 500 501
501 499 498
500 502 503
503 501 500
502 504 505
505 503 502
504 506 507
507 505 504
506 508 509
509 507 506
508 510 511
511 509 508
510 512 513
513 511 510
512 514 515
515 513 512
514 516 517
517 515 514
516 518 519
519 517 516
518 520 521
521 519 518
520 522 523
523 521 520
522 524 525
525 523 522
524 526 527
527 525 524
526 528 529
529 527 526
528 530 531
531 529 528
530 532 533
533 531 530
532 534 535
535 533 532
534 536 537
537 535 534
536 538 539
539 537 536
538 540 541
541 539 538
540 542 543
543 541 540
542 544 545
545 543 542
544 546 547
547 545 544
546 548 549
549 547 546
548 550 551
551 549 548
550 552 553
553 551 550
552 554 555
555 553 552
554 556 557
557 555 554
556 558 559
559 557 556
558 560 561
561 559 558
560 562 563
563 561 560
562 564 565
565 563 562
564 566 567
567 565 564
566 568 569
569 567 566
568 570 571
571 569 568
570 572 573
573 571 570
572 574 575
575 573 572
574 576 577
577 575 574
576 578 579
579 577 576
578 580 581
581 579 578
580 582 583
583 581 580
582 584 585
585 583 582
584 586 587
587 585 584
586 588 589
589 587 586
588 590 591
591 589 588
590 592 593
593 591 590
592 594 595
595 593 592
594 596 597
597 595 594
596 598 599
599 597 596
598 600 601
601 599 598
600 602 603
603 601 600
602 604 605
605 603 602
604 606 607
607 605 604
606 608 609
609 607 606
608 610 611
611 609 608
610 612 613
613 611 610
612 614 615
615 613 612
614 616 617
617 615 614
616 618 619
619 617 616
618 620 621
621 619 618
620 622 623
623 621 620
622 624 625
625 623 622
624 626 627
627 625 624
626 628 629
629 627 626
628 630 631
631 629 628
630 632 633
633 631 630
632 634 635
635 633 632
634 636 637
637 635 634
636 638 639
639 637 636
638 640 641
641 639 638
640 642 643
643 641 640
642 644 645
645 643 642
644 646 647
647 645 644
646 648 649
649 647 646
648 650 651
651 649 648
650 652 653
653 651 650
652 654 655
655 653 652
654 656 657
657 655 654
656 658 659
659 657 656
658 660 661
661 659 658
660 662 663
663 661 660
662 664 665
665 663 662
664 666 667
667 665 664
666 668 669
669 667 666
668 670 671
671 669 668
670 672 673
673 671 670
672 674 675
675 673 672
674 676 677
677 675 674
676 678 679
679 677 676
678 680 681
681 679 678
680 682 683
683 681 680
682 684 685
685 683 682
684 686 687
687 685 684
686 688 689
689 687 686
688 690 691
691 689 688
690 692 693
693 691 690
692 694 695
695 693 692
694 696 697
697 695 694
696 698 699
699 697 696
698 700 701
701 699 698
700 702 703
703 701 700
702 704 705
705 703 702
704 706 707
707 705 704
706 708 709
709 707 706
708 710 711
711 709 708
710 712 713
713 711 710
712 714 715
715 713 712
714 716 717
717 715 714
716 718 719
719 717 716
718 720 721
721 719 718
720 722 723
723 721 720
722 724 725
725 723 722
724 726 727
727 725 724
726 728 729
729 727 726
728 730 731
731 729 728
730 732 733
733 731 730
732 734 735
735 733 732
734 736 737
737 735 734
736 738 739
739 737 736
738 740 741
741 739 738
740 742 743
743 741 740
742 744 745
745 743 742
744 746 747
747 745 744
746 748 749
749 747 746
748 750 751
751 749 748
750 752 753
753 751 750
752 754 755
755 753 752
754 756 757
757 755 754
756 758 759
759 757 756
758 760 761
761 759 758
760 762 763
763 761 760
762 764 765
765 763 762
764 766 767
767 765 764
766 768 769
769 767 766
768 770 771
771 769 768
770 772 773
773 771 770
772 774 775
775 773 772
774 776 777
777 775 774
776 778 779
779 777 776
778 780 781
781 779 778
780 782 783
783 781 780
782 784 785
785 783 782
784 786 787
787 785 784
786 788 789
789 787 786
788 790 791
791 789 788
790 792 793
793 791 790
792 794 795
795 793 792
794 796 797
797 795 794
796 798 799
799 797 796
798 800 801
801 799 798
802
0 0.05 -3.06152e-18
0.0137293 0.05 -3.06152e-18
0.0137293 -0.05 3.06152e-18
0 -0.05 3.06152e-18
0.0274964 0.05 -3.06152e-18
0.0274964 -0.05 3.06152e-18
0.0413014 0.05 -3.06152e-18
0.0413014 -0.05 3.06152e-18
0.0551446 0.05 -3.06152e-18
0.0551446 -0.05 3.06152e-18
0.0690259 0.05 -3.06152e-18
0.0690259 -0.05 3.06152e-18
0.0829455 0.05 -3.06152e-18
0.0829455 -0.05 3.06152e-18
0.0969034 0.05 -3.06152e-18
0.0969034 -0.05 3.06152e-18
0.1109 0.05 -3.06152e-18
0.1109 -0.05 3.06152e-18
0.124935 0.05 -3.06152e-18
0.124935 -0.05 3.06152e-18
0.139009 0.05 -3.06152e-18
0.139009 -0.05 3.06152e-18
0.153121 0.05 -3.06152e-18
0.153121 -0.05 3.06152e-18
0.167273 0.05 -3.06152e-18
0.167273 -0.05 3.06152e-18
0.181463 0.05 -3.06152e-18
0.181463 -0.05 3.06152e-18
0.195693 0.05 -3.06152e-18
0.195693 -0.05 3.06152e-18
0.209962 0.05 -3.06152e-18
0.209962 -0.05 3.06152e-18
0.22427 0.05 -3.06152e-18
0.22427 -0.05 3.06152e-18
0.238617 0.05 -3.06152e-18
0.238617 -0.05 3.06152e-18
0.253004 0.05 -3.06152e-18
0.253004 -0.05 3.06152e-18
0.267431 0.05 -3.06152e-18
0.267431 -0.05 3.06152e-18
0.281898 0.05 -3.06152e-18
0.281898 -0.05 3.06152e-18
0.296404 0.05 -3.06152e-18
0.296404 -0.05 3.06152e-18
0.310951 0.05 -3.06152e-18
0.310951 -0.05 3.06152e-18
0.325538 0.05 -3.06152e-18
0.325538 -0.05 3.06152e-18
0.340164 0.05 -3.06152e-18
0.340164 -0.05 3.06152e-18
0.354832 0.05 -3.06152e-18
0.354832 -0.05 3.06152e-18
0.369539 0.05 -3.06152e-18
0.369539 -0.05 3.06152e-18
0.384287 0.05 -3.06152e-18
0.384287 -0.05 3.06152e-18
0.399076 0.05 -3.06152e-18
0.399076 -0.05 3.06152e-18
0.413906 0.05 -3.06152e-18
0.413906 -0.05 3.06152e-18
0.428776 0.05 -3.06152e-18
0.428776 -0.05 3.06152e-18
0.443688 0.05 -3.06152e-18
0.443688 -0.05 3.06152e-18
0.45864 0.05 -3.06152e-18
0.45864 -0.05 3.06152e-18
0.473634 0.05 -3.06152e-18
0.473634 -0.05 3.06152e-18
0.488669 0.05 -3.06152e-18
0.488669 -0.05 3.06152e-18
0.503746 0.05 -3.06152e-18
0.503746 -0.05 3.06152e-18
0.518864 0.05 -3.06152e-18
0.518864 -0.05 3.06152e-18
0.534024 0.05 -3.06152e-18
0.534024 -0.05 3.06152e-18
0.549226 0.05 -3.06152e-18
0.549226 -0.05 3.06152e-18
0.564469 0.05 -3.06152e-18
0.564469 -0.05 3.06152e-18
0.579755 0.05 -3.06152e-18
0.579755 -0.05 3.06152e-18
0.595083 0.05 -3.06152e-18
0.595083 -0.05 3.06152e-18
0.610453 0.05 -3.06152e-18
0.610453 -0.05 3.06152e-18
0.625865 0.05 -3.06152e-18
0.625865 -0.05 3.06152e-18
0.64132 0.05 -3.06152e-18
0.64132 -0.05 3.06152e-18
0.656818 0.05 -3.06152e-18
0.656818 -0.05 3.06152e-18
0.672358 0.05 -3.06152e-18
0.672358 -0.05 3.06152e-18
0.687941 0.05 -3.06152e-18
0.687941 -0.05 3.06152e-18
0.703567 0.05 -3.06152e-18
0.703567 -0.05 3.06152e-18
0.719236 0.05 -3.06152e-18
0.719236 -0.05 3.06152e-18
0.734948 0.05 -3.06152e-18
0.734948 -0.05 3.06152e-18
0.750704 0.05 -3.06152e-18
0.750704 -0.05 3.06152e-18
0.766503 0.05 -3.06152e-18
0.766503 -0.05 3.06152e-18
0.782346 0.05 -3.06152e-18
0.782346 -0.05 3.06152e-18
0.798232 0.05 -3.06152e-18
0.798232 -0.05 3.06152e-18
0.814162 0.05 -3.06152e-18
0.814162 -0.05 3.06152e-18
0.830136 0.05 -3.06152e-18
0.830136 -0.05 3.06152e-18
0.846155 0.05 -3.06152e-18
0.846155 -0.05 3.06152e-18
0.862217 0.05 -3.06152e-18
0.862217 -0.05 3.06152e-18
0.878323 0.05 -3.06152e-18
0.878323 -0.05 3.06152e-18
0.894474 0.05 -3.06152e-18
0.894474 -0.05 3.06152e-18
0.91067 0.05 -3.06152e-18
0.91067 -0.05 3.06152e-18
0.92691 0.05 -3.06152e-18
0.92691 -0.05 3.06152e-18
0.943195 0.05 -3.06152e-18
0.943195 -0.05 3.06152e-18
0.959525 0.05 -3.06152e-18
0.959525 -0.05 3.06152e-18
0.9759 0.05 -3.06152e-18
0.9759 -0.05 3.06152e-18
0.99232 0.05 -3.06152e-18
0.99232 -0.05 3.06152e-18
1.00879 0.05 -3.06152e-18
1.00879 -0.05 3.06152e-18
1.0253 0.05 -3.06152e-18
1.0253 -0.05 3.06152e-18
1.04185 0.05 -3.06152e-18
1.04185 -0.05 3.06152e-18
1.05845 0.05 -3.06152e-18
1.05845 -0.05 3.06152e-18
1.0751 0.05 -3.06152e-18
1.0751 -0.05 3.06152e-18
1.09179 0.05 -3.06152e-18
1.09179 -0.05 3.06152e-18
1.10853 0.05 -3.06152e-18
1.10853 -0.05 3.06152e-18
1.12532 0.05 -3.06152e-18
1.12532 -0.05 3.06152e-18
1.14215 0.05 -3.06152e-18
1.14215 -0.05 3.06152e-18
1.15903 0.05 -3.06152e-18
1.15903 -0.05 3.06152e-18
1.17596 0.05 -3.06152e-18
1.17596 -0.05 3.06152e-18
1.19293 0.05 -3.06152e-18
1.19293 -0.05 3.06152e-18
1.20995 0.05 -3.06152e-18
1.20995 -0.05 3.06152e-18
1.22701 0.05 -3.06152e-18
1.22701 -0.05 3.06152e-18
1.24412 0.05 -3.06152e-18
1.24412 -0.05 3.06152e-18
1.26128 0.05 -3.06152e-18
1.26128 -0.05 3.06152e-18
1.27849 0.05 -3.06152e-18
1.27849 -0.05 3.06152e-18
1.29574 0.05 -3.06152e-18
1.29574 -0.05 3.06152e-18
1.31305 0.05 -3.06152e-18
1.31305 -0.05 3.06152e-18
1.3304 0.05 -3.06152e-18
1.3304 -0.05 3.06152e-18
1.34779 0.05 -3.06152e-18
1.34779 -0.05 3.06152e-18
1.36524 0.05 -3.06152e-18
1.36524 -0.05 3.06152e-18
1.38273 0.05 -3.06152e-18
1.38273 -0.05 3.06152e-18
1.40027 0.05 -3.06152e-18
1.40027 -0.05 3.06152e-18
1.41786 0.05 -3.06152e-18
1.41786 -0.05 3.06152e-18
1.4355 0.05 -3.06152e-18
1.4355 -0.05 3.06152e-18
1.45319 0.05 -3.06152e-18
1.45319 -0.05 3.06152e-18
1.47093 0.05 -3.06152e-18
1.47093 -0.05 3.06152e-18
1.48871 0.05 -3.06152e-18
1.48871 -0.05 3.06152e-18
1.50654 0.05 -3.06152e-18
1.50654 -0.05 3.06152e-18
1.52443 0.05 -3.06152e-18
1.52443 -0.05 3.06152e-18
1.54236 0.05 -3.06152e-18
1.54236 -0.05 3.06152e-18
1.56034 0.05 -3.06152e-18
1.56034 -0.05 3.06152e-18
1.57837 0.05 -3.06152e-18
1.57837 -0.05 3.06152e-18
1.59645 0.05 -3.06152e-18
1.59645 -0.05 3.06152e-18
1.61459 0.05 -3.06152e-18
1.61459 -0.05 3.06152e-18
1.63277 0.05 -3.06152e-18
1.63277 -0.05 3.06152e-18
1.651 0.05 -3.06152e-18
1.651 -0.05 3.06152e-18
1.66928 0.05 -3.06152e-18
1.66928 -0.05 3.06152e-18
1.68761 0.05 -3.06152e-18
1.68761 -0.05 3.06152e-18
1.70599 0.05 -3.06152e-18
1.70599 -0.05 3.06152e-18
1.72443 0.05 -3.06152e-18
1.72443 -0.05 3.06152e-18
1.74291 0.05 -3.06152e-18
1.74291 -0.05 3.06152e-18
1.76145 0.05 -3.06152e-18
1.76145 -0.05 3.06152e-18
1.78003 0.05 -3.06152e-18
1.78003 -0.05 3.06152e-18
1.79867 0.05 -3.06152e-18
1.79867 -0.05 3.06152e-18
1.81736 0.05 -3.06152e-18
1.81736 -0.05 3.06152e-18
1.8361 0.05 -3.06152e-18
1.8361 -0.05 3.06152e-18
1.85489 0.05 -3.06152e-18
1.85489 -0.05 3.06152e-18
1.87373 0.05 -3.06152e-18
1.87373 -0.05 3.06152e-18
1.89263 0.05 -3.06152e-18
1.89263 -0.05 3.06152e-18
1.91158 0.05 -3.06152e-18
1.91158 -0.05 3.06152e-18
1.93058 0.05 -3.06152e-18
1.93058 -0.05 3.06152e-18
1.94963 0.05 -3.06152e-18
1.94963 -0.05 3.06152e-18
1.96873 0.05 -3.06152e-18
1.96873 -0.05 3.06152e-18
1.98789 0.05 -3.06152e-18
1.98789 -0.05 3.06152e-18
2.0071 0.05 -3.06152e-18
2.0071 -0.05 3.06152e-18
2.02636 0.05 -3.06152e-18
2.02636 -0.05 3.06152e-18
2.04568 0.05 -3.06152e-18
2.04568 -0.05 3.06152e-18
2.06505 0.05 -3.06152e-18
2.06505 -0.05 3.06152e-18
2.08447 0.05 -3.06152e-18
2.08447 -0.05 3.06152e-18
2.10395 0.05 -3.06152e-18
2.10395 -0.05 3.06152e-18
2.12348 0.05 -3.06152e-18
2.12348 -0.05 3.06152e-18
2.14306 0.05 -3.06152e-18
2.14306 -0.05 3.06152e-18
2.1627 0.05 -3.06152e-18
2.1627 -0.05 3.06152e-18
2.18239 0.05 -3.06152e-18
2.18239 -0.05 3.06152e-18
2.20214 0.05 -3.06152e-18
2.20214 -0.05 3.06152e-18
2.22194 0.05 -3.06152e-18
2.22194 -0.05 3.06152e-18
2.2418 0.05 -3.06152e-18
2.2418 -0.05 3.06152e-18
2.26171 0.05 -3.06152e-18
2.26171 -0.05 3.06152e-18
2.28167 0.05 -3.06152e-18
2.28167 -0.05 3.06152e-18
2.30169 0.05 -3.06152e-18
2.30169 -0.05 3.06152e-18
2.32177 0.05 -3.06152e-18
2.32177 -0.05 3.06152e-18
2.3419 0.05 -3.06152e-18
2.3419 -0.05 3.06152e-18
2.36209 0.05 -3.06152e-18
2.36209 -0.05 3.06152e-18
2.38233 0.05 -3.06152e-18
2.38233 -0.05 3.06152e-18
2.40263 0.05 -3.06152e-18
2.40263 -0.05 3.06152e-18
2.42298 0.05 -3.06152e-18
2.42298 -0.05 3.06152e-18
2.44339 0.05 -3.06152e-18
2.44339 -0.05 3.06152e-18
2.46386 0.05 -3.06152e-18
2.46386 -0.05 3.06152e-18
2.48438 0.05 -3.06152e-18
2.48438 -0.05 3.06152e-18
2.50496 0.05 -3.06152e-18
2.50496 -0.05 3.06152e-18
2.52559 0.05 -3.06152e-18
2.52559 -0.05 3.06152e-18
2.54629 0.05 -3.06152e-18
2.54629 -0.05 3.06152e-18
2.56704 0.05 -3.06152e-18
2.56704 -0.05 3.06152e-18
2.58784 0.05 -3.06152e-18
2.58784 -0.05 3.06152e-18
2.60871 0.05 -3.06152e-18
2.60871 -0.05 3.06152e-18
2.62963 0.05 -3.06152e-18
2.62963 -0.05 3.06152e-18
2.65061 0.05 -3.06152e-18
2.65061 -0.05 3.06152e-18
2.67165 0.05 -3.06152e-18
2.67165 -0.05 3.06152e-18
2.69274 0.05 -3.06152e-18
2.69274 -0.05 3.06152e-18
2.7139 0.05 -3.06152e-18
2.7139 -0.05 3.06152e-18
2.73511 0.05 -3.06152e-18
2.73511 -0.05 3.06152e-18
2.75638 0.05 -3.06152e-18
2.75638 -0.05 3.06152e-18
2.77771 0.05 -3.06152e-18
2.77771 -0.05 3.06152e-18
2.7991 0.05 -3.06152e-18
2.7991 -0.05 3.06152e-18
2.82054 0.05 -3.06152e-18
2.82054 -0.05 3.06152e-18
2.84205 0.05 -3.06152e-18
2.84205 -0.05 3.06152e-18
2.86361 0.05 -3.06152e-18
2.86361 -0.05 3.06152e-18
2.88524 0.05 -3.06152e-18
2.88524 -0.05 3.06152e-18
2.90692 0.05 -3.06152e-18
2.90692 -0.05 3.06152e-18
2.92867 0.05 -3.06152e-18
2.92867 -0.05 3.06152e-18
2.95047 0.05 -3.06152e-18
2.95047 -0.05 3.06152e-18
2.97234 0.05 -3.06152e-18
2.97234 -0.05 3.06152e-18
2.99426 0.05 -3.06152e-18
2.99426 -0.05 3.06152e-18
3.01625 0.05 -3.06152e-18
3.01625 -0.05 3.06152e-18
3.03829 0.05 -3.06152e-18
3.03829 -0.05 3.06152e-18
3.0604 0.05 -3.06152e-18
3.0604 -0.05 3.06152e-18
3.08257 0.05 -3.06152e-18
3.08257 -0.05 3.06152e-18
3.10479 0.05 -3.06152e-18
3.10479 -0.05 3.06152e-18
3.12708 0.05 -3.06152e-18
3.12708 -0.05 3.06152e-18
3.14943 0.05 -3.06152e-18
3.14943 -0.05 3.06152e-18
3.17185 0.05 -3.06152e-18
3.17185 -0.05 3.06152e-18
3.19432 0.05 -3.06152e-18
3.19432 -0.05 3.06152e-18
3.21686 0.05 -3.06152e-18
3.21686 -0.05 3.06152e-18
3.23946 0.05 -3.06152e-18
3.23946 -0.05 3.06152e-18
3.26212 0.05 -3.06152e-18
3.26212 -0.05 3.06152e-18
3.28484 0.05 -3.06152e-18
3.28484 -0.05 3.06152e-18
3.30763 0.05 -3.06152e-18
3.30763 -0.05 3.06152e-18
3.33048 0.05 -3.06152e-18
3.33048 -0.05 3.06152e-18
3.35339 0.05 -3.06152e-18
3.35339 -0.05 3.06152e-18
3.37637 0.05 -3.06152e-18
3.37637 -0.05 3.06152e-18
3.3994 0.05 -3.06152e-18
3.3994 -0.05 3.06152e-18
3.42251 0.05 -3.06152e-18
3.42251 -0.05 3.06152e-18
3.44567 0.05 -3.06152e-18
3.44567 -0.05 3.06152e-18
3.4689 0.05 -3.06152e-18
3.4689 -0.05 3.06152e-18
3.4922 0.05 -3.06152e-18
3.4922 -0.05 3.06152e-18
3.51555 0.05 -3.06152e-18
3.51555 -0.05 3.06152e-18
3.53898 0.05 -3.06152e-18
3.53898 -0.05 3.06152e-18
3.56246 0.05 -3.06152e-18
3.56246 -0.05 3.06152e-18
3.58601 0.05 -3.06152e-18
3.58601 -0.05 3.06152e-18
3.60963 0.05 -3.06152e-18
3.60963 -0.05 3.06152e-18
3.63331 0.05 -3.06152e-18
3.63331 -0.05 3.06152e-18
3.65706 0.05 -3.06152e-18
3.65706 -0.05 3.06152e-18
3.68087 0.05 -3.06152e-18
3.68087 -0.05 3.06152e-18
3.70475 0.05 -3.06152e-18
3.70475 -0.05 3.06152e-18
3.72869 0.05 -3.06152e-18
3.72869 -0.05 3.06152e-18
3.7527 0.05 -3.06152e-18
3.7527 -0.05 3.06152e-18
3.77678 0.05 -3.06152e-18
3.77678 -0.05 3.06152e-18
3.80092 0.05 -3.06152e-18
3.80092 -0.05 3.06152e-18
3.82513 0.05 -3.06152e-18
3.82513 -0.05 3.06152e-18
3.84941 0.05 -3.06152e-18
3.84941 -0.05 3.06152e-18
3.87375 0.05 -3.06152e-18
3.87375 -0.05 3.06152e-18
3.89816 0.05 -3.06152e-18
3.89816 -0.05 3.06152e-18
3.92264 0.05 -3.06152e-18
3.92264 -0.05 3.06152e-18
3.94718 0.05 -3.06152e-18
3.94718 -0.05 3.06152e-18
3.9718 0.05 -3.06152e-18
3.9718 -0.05 3.06152e-18
3.99648 0.05 -3.06152e-18
3.99648 -0.05 3.06152e-18
4.02122 0.05 -3.06152e-18
4.02122 -0.05 3.06152e-18
4.04604 0.05 -3.06152e-18
4.04604 -0.05 3.06152e-18
4.07093 0.05 -3.06152e-18
4.07093 -0.05 3.06152e-18
4.09588 0.05 -3.06152e-18
4.09588 -0.05 3.06152e-18
4.1209 0.05 -3.06152e-18
4.1209 -0.05 3.06152e-18
4.14599 0.05 -3.06152e-18
4.14599 -0.05 3.06152e-18
4.17115 0.05 -3.06152e-18
4.17115 -0.05 3.06152e-18
4.19638 0.05 -3.06152e-18
4.19638 -0.05 3.06152e-18
4.22168 0.05 -3.06152e-18
4.22168 -0.05 3.06152e-18
4.24705 0.05 -3.06152e-18
4.24705 -0.05 3.06152e-18
4.27249 0.05 -3.06152e-18
4.27249 -0.05 3.06152e-18
4.298 0.05 -3.06152e-18
4.298 -0.05 3.06152e-18
4.32358 0.05 -3.06152e-18
4.32358 -0.05 3.06152e-18
4.34923 0.05 -3.06152e-18
4.34923 -0.05 3.06152e-18
4.37495 0.05 -3.06152e-18
4.37495 -0.05 3.06152e-18
4.40075 0.05 -3.06152e-18
4.40075 -0.05 3.06152e-18
4.42661 0.05 -3.06152e-18
4.42661 -0.05 3.06152e-18
4.45254 0.05 -3.06152e-18
4.45254 -0.05 3.06152e-18
4.47855 0.05 -3.06152e-18
4.47855 -0.05 3.06152e-18
4.50463 0.05 -3.06152e-18
4.50463 -0.05 3.06152e-18
4.53078 0.05 -3.06152e-18
4.53078 -0.05 3.06152e-18
4.557 0.05 -3.06152e-18
4.557 -0.05 3.06152e-18
4.58329 0.05 -3.06152e-18
4.58329 -0.05 3.06152e-18
4.60966 0.05 -3.06152e-18
4.60966 -0.05 3.06152e-18
4.6361 0.05 -3.06152e-18
4.6361 -0.05 3.06152e-18
4.66261 0.05 -3.06152e-18
4.66261 -0.05 3.06152e-18
4.68919 0.05 -3.06152e-18
4.68919 -0.05 3.06152e-18
4.71585 0.05 -3.06152e-18
4.71585 -0.05 3.06152e-18
4.74258 0.05 -3.06152e-18
4.74258 -0.05 3.06152e-18
4.76939 0.05 -3.06152e-18
4.76939 -0.05 3.06152e-18
4.79627 0.05 -3.06152e-18
4.79627 -0.05 3.06152e-18
4.82322 0.05 -3.06152e-18
4.82322 -0.05 3.06152e-18
4.85025 0.05 -3.06152e-18
4.85025 -0.05 3.06152e-18
4.87735 0.05 -3.06152e-18
4.87735 -0.05 3.06152e-18
4.90453 0.05 -3.06152e-18
4.90453 -0.05 3.06152e-18
4.93178 0.05 -3.06152e-18
4.93178 -0.05 3.06152e-18
4.95911 0.05 -3.06152e-18
4.95911 -0.05 3.06152e-18
4.98651 0.05 -3.06152e-18
4.98651 -0.05 3.06152e-18
5.01399 0.05 -3.06152e-18
5.01399 -0.05 3.06152e-18
5.04154 0.05 -3.06152e-18
5.04154 -0.05 3.06152e-18
5.06917 0.05 -3.06152e-18
5.06917 -0.05 3.06152e-18
5.09688 0.05 -3.06152e-18
5.09688 -0.05 3.06152e-18
5.12466 0.05 -3.06152e-18
5.12466 -0.05 3.06152e-18
5.15252 0.05 -3.06152e-18
5.15252 -0.05 3.06152e-18
5.18046 0.05 -3.06152e-18
5.18046 -0.05 3.06152e-18
5.20847 0.05 -3.06152e-18
5.20847 -0.05 3.06152e-18
5.23656 0.05 -3.06152e-18
5.23656 -0.05 3.06152e-18
5.26473 0.05 -3.06152e-18
5.26473 -0.05 3.06152e-18
5.29297 0.05 -3.06152e-18
5.29297 -0.05 3.06152e-18
5.3213 0.05 -3.06152e-18
5.3213 -0.05 3.06152e-18
5.3497 0.05 -3.06152e-18
5.3497 -0.05 3.06152e-18
5.37818 0.05 -3.06152e-18
5.37818 -0.05 3.06152e-18
5.40673 0.05 -3.06152e-18
5.40673 -0.05 3.06152e-18
5.43537 0.05 -3.06152e-18
5.43537 -0.05 3.06152e-18
5.46409 0.05 -3.06152e-18
5.46409 -0.05 3.06152e-18
5.49288 0.05 -3.06152e-18
5.49288 -0.05 3.06152e-18
5.52176 0.05 -3.06152e-18
5.52176 -0.05 3.06152e-18
5.55071 0.05 -3.06152e-18
5.55071 -0.05 3.06152e-18
5.57974 0.05 -3.06152e-18
5.57974 -0.05 3.06152e-18
5.60886 0.05 -3.06152e-18
5.60886 -0.05 3.06152e-18
5.63805 0.05 -3.06152e-18
5.63805 -0.05 3.06152e-18
5.66733 0.05 -3.06152e-18
5.66733 -0.05 3.06152e-18
5.69668 0.05 -3.06152e-18
5.69668 -0.05 3.06152e-18
5.72612 0.05 -3.06152e-18
5.72612 -0.05 3.06152e-18
5.75563 0.05 -3.06152e-18
5.75563 -0.05 3.06152e-18
5.78523 0.05 -3.06152e-18
5.78523 -0.05 3.06152e-18
5.81491 0.05 -3.06152e-18
5.81491 -0.05 3.06152e-18
5.84468 0.05 -3.06152e-18
5.84468 -0.05 3.06152e-18
5.87452 0.05 -3.06152e-18
5.87452 -0.05 3.06152e-18
5.90445 0.05 -3.06152e-18
5.90445 -0.05 3.06152e-18
5.93446 0.05 -3.06152e-18
5.93446 -0.05 3.06152e-18
5.96455 0.05 -3.06152e-18
5.96455 -0.05 3.06152e-18
5.99472 0.05 -3.06152e-18
5.99472 -0.05 3.06152e-18
6.02498 0.05 -3.06152e-18
6.02498 -0.05 3.06152e-18
6.05532 0.05 -3.06152e-18
6.05532 -0.05 3.06152e-18
6.08575 0.05 -3.06152e-18
6.08575 -0.05 3.06152e-18
6.11626 0.05 -3.06152e-18
6.11626 -0.05 3.06152e-18
6.14685 0.05 -3.06152e-18
6.14685 -0.05 3.06152e-18
6.17753 0.05 -3.06152e-18
6.17753 -0.05 3.06152e-18
6.20829 0.05 -3.06152e-18
6.20829 -0.05 3.06152e-18
6.23913 0.05 -3.06152e-18
6.23913 -0.05 3.06152e-18
6.27007 0.05 -3.06152e-18
6.27007 -0.05 3.06152e-18
6.30108 0.05 -3.06152e-18
6.30108 -0.05 3.06152e-18
6.33219 0.05 -3.06152e-18
6.33219 -0.05 3.06152e-18
6.36337 0.05 -3.06152e-18
6.36337 -0.05 3.06152e-18
6.39465 0.05 -3.06152e-18
6.39465 -0.05 3.06152e-18
6.42601 0.05 -3.06152e-18
6.42601 -0.05 3.06152e-18
6.45746 0.05 -3.06152e-18
6.45746 -0.05 3.06152e-18
6.48899 0.05 -3.06152e-18
6.48899 -0.05 3.06152e-18
6.52061 0.05 -3.06152e-18
6.52061 -0.05 3.06152e-18
6.55232 0.05 -3.06152e-18
6.55232 -0.05 3.06152e-18
6.58411 0.05 -3.06152e-18
6.58411 -0.05 3.06152e-18
6.616 0.05 -3.06152e-18
6.616 -0.05 3.06152e-18
6.64797 0.05 -3.06152e-18
6.64797 -0.05 3.06152e-18
6.68003 0.05 -3.06152e-18
6.68003 -0.05 3.06152e-18
6.71218 0.05 -3.06152e-18
6.71218 -0.05 3.06152e-18
6.74441 0.05 -3.06152e-18
6.74441 -0.05 3.06152e-18
6.77674 0.05 -3.06152e-18
6.77674 -0.05 3.06152e-18
6.80915 0.05 -3.06152e-18
6.80915 -0.05 3.06152e-18
6.84165 0.05 -3.06152e-18
6.84165 -0.05 3.06152e-18
6.87425 0.05 -3.06152e-18
6.87425 -0.05 3.06152e-18
6.90693 0.05 -3.06152e-18
6.90693 -0.05 3.06152e-18
6.9397 0.05 -3.06152e-18
6.9397 -0.05 3.06152e-18
6.97257 0.05 -3.06152e-18
6.97257 -0.05 3.06152e-18
7.00552 0.05 -3.06152e-18
7.00552 -0.05 3.06152e-18
7.03857 0.05 -3.06152e-18
7.03857 -0.05 3.06152e-18
7.0717 0.05 -3.06152e-18
7.0717 -0.05 3.06152e-18
7.10493 0.05 -3.06152e-18
7.10493 -0.05 3.06152e-18
7.13825 0.05 -3.06152e-18
7.13825 -0.05 3.06152e-18
7.17166 0.05 -3.06152e-18
7.17166 -0.05 3.06152e-18
7.20516 0.05 -3.06152e-18
7.20516 -0.05 3.06152e-18
7.23876 0.05 -3.06152e-18
7.23876 -0.05 3.06152e-18
7.27245 0.05 -3.06152e-18
7.27245 -0.05 3.06152e-18
7.30623 0.05 -3.06152e-18
7.30623 -0.05 3.06152e-18
7.3401 0.05 -3.06152e-18
7.3401 -0.05 3.06152e-18
7.37407 0.05 -3.06152e-18
7.37407 -0.05 3.06152e-18
7.40813 0.05 -3.06152e-18
7.40813 -0.05 3.06152e-18
7.44228 0.05 -3.06152e-18
7.44228 -0.05 3.06152e-18
7.47653 0.05 -3.06152e-18
7.47653 -0.05 3.06152e-18
7.51088 0.05 -3.06152e-18
7.51088 -0.05 3.06152e-18
7.54532 0.05 -3.06152e-18
7.54532 -0.05 3.06152e-18
7.57985 0.05 -3.06152e-18
7.57985 -0.05 3.06152e-18
7.61448 0.05 -3.06152e-18
7.61448 -0.05 3.06152e-18
7.6492 0.05 -3.06152e-18
7.6492 -0.05 3.06152e-18
7.68402 0.05 -3.06152e-18
7.68402 -0.05 3.06152e-18
7.71894 0.05 -3.06152e-18
7.71894 -0.05 3.06152e-18
7.75395 0.05 -3.06152e-18
7.75395 -0.05 3.06152e-18
7.78906 0.05 -3.06152e-18
7.78906 -0.05 3.06152e-18
7.82426 0.05 -3.06152e-18
7.82426 -0.05 3.06152e-18
7.85956 0.05 -3.06152e-18
7.85956 -0.05 3.06152e-18
7.89496 0.05 -3.06152e-18
7.89496 -0.05 3.06152e-18
7.93046 0.05 -3.06152e-18
7.93046 -0.05 3.06152e-18
7.96606 0.05 -3.06152e-18
7.96606 -0.05 3.06152e-18
8.00175 0.05 -3.06152e-18
8.00175 -0.05 3.06152e-18
8.03754 0.05 -3.06152e-18
8.03754 -0.05 3.06152e-18
8.07343 0.05 -3.06152e-18
8.07343 -0.05 3.06152e-18
8.10942 0.05 -3.06152e-18
8.10942 -0.05 3.06152e-18
8.14551 0.05 -3.06152e-18
8.14551 -0.05 3.06152e-18
8.1817 0.05 -3.06152e-18
8.1817 -0.05 3.06152e-18
8.21799 0.05 -3.06152e-18
8.21799 -0.05 3.06152e-18
8.25437 0.05 -3.06152e-18
8.25437 -0.05 3.06152e-18
8.29086 0.05 -3.06152e-18
8.29086 -0.05 3.06152e-18
8.32745 0.05 -3.06152e-18
8.32745 -0.05 3.06152e-18
8.36414 0.05 -3.06152e-18
8.36414 -0.05 3.06152e-18
8.40093 0.05 -3.06152e-18
8.40093 -0.05 3.06152e-18
8.43782 0.05 -3.06152e-18
8.43782 -0.05 3.06152e-18
8.47482 0.05 -3.06152e-18
8.47482 -0.05 3.06152e-18
8.51191 0.05 -3.06152e-18
8.51191 -0.05 3.06152e-18
8.54911 0.05 -3.06152e-18
8.54911 -0.05 3.06152e-18
8.58641 0.05 -3.06152e-18
8.58641 -0.05 3.06152e-18
8.62382 0.05 -3.06152e-18
8.62382 -0.05 3.06152e-18
8.66132 0.05 -3.06152e-18
8.66132 -0.05 3.06152e-18
8.69894 0.05 -3.06152e-18
8.69894 -0.05 3.06152e-18
8.73665 0.05 -3.06152e-18
8.73665 -0.05 3.06152e-18
8.77447 0.05 -3.06152e-18
8.77447 -0.05 3.06152e-18
8.81239 0.05 -3.06152e-18
8.81239 -0.05 3.06152e-18
8.85042 0.05 -3.06152e-18
8.85042 -0.05 3.06152e-18
8.88855 0.05 -3.06152e-18
8.88855 -0.05 3.06152e-18
8.92679 0.05 -3.06152e-18
8.92679 -0.05 3.06152e-18
8.96513 0.05 -3.06152e-18
8.96513 -0.05 3.06152e-18
9.00358 0.05 -3.06152e-18
9.00358 -0.05 3.06152e-18
9.04213 0.05 -3.06152e-18
9.04213 -0.05 3.06152e-18
9.08079 0.05 -3.06152e-18
9.08079 -0.05 3.06152e-18
9.11956 0.05 -3.06152e-18
9.11956 -0.05 3.06152e-18
9.15843 0.05 -3.06152e-18
9.15843 -0.05 3.06152e-18
9.19741 0.05 -3.06152e-18
9.19741 -0.05 3.06152e-18
9.2365 0.05 -3.06152e-18
9.2365 -0.05 3.06152e-18
9.2757 0.05 -3.06152e-18
9.2757 -0.05 3.06152e-18
9.315 0.05 -3.06152e-18
9.315 -0.05 3.06152e-18
9.35441 0.05 -3.06152e-18
9.35441 -0.05 3.06152e-18
9.39393 0.05 -3.06152e-18
9.39393 -0.05 3.06152e-18
9.43356 0.05 -3.06152e-18
9.43356 -0.05 3.06152e-18
9.4733 0.05 -3.06152e-18
9.4733 -0.05 3.06152e-18
9.51315 0.05 -3.06152e-18
9.51315 -0.05 3.06152e-18
9.55311 0.05 -3.06152e-18
9.55311 -0.05 3.06152e-18
9.59318 0.05 -3.06152e-18
9.59318 -0.05 3.06152e-18
9.63336 0.05 -3.06152e-18
9.63336 -0.05 3.06152e-18
9.67365 0.05 -3.06152e-18
9.67365 -0.05 3.06152e-18
9.71405 0.05 -3.06152e-18
9.71405 -0.05 3.06152e-18
9.75457 0.05 -3.06152e-18
9.75457 -0.05 3.06152e-18
9.79519 0.05 -3.06152e-18
9.79519 -0.05 3.06152e-18
9.83593 0.05 -3.06152e-18
9.83593 -0.05 3.06152e-18
9.87678 0.05 -3.06152e-18
9.87678 -0.05 3.06152e-18
9.91774 0.05 -3.06152e-18
9.91774 -0.05 3.06152e-18
9.95881 0.05 -3.06152e-18
9.95881 -0.05 3.06152e-18
10 0.05 -3.06152e-18
10 -0.05 3.06152e-18
-0.147820000
-0.147820000
-0.147820000
-0.147820000
-0.429742000
-0.429742000
-0.645300000
-0.645300000
-0.717914000
-0.717914000
-0.628795000
-0.628795000
-0.459597000
-0.459597000
-0.303320000
-0.303320000
-0.161301000
-0.161301000
-0.062953200
-0.062953200
-0.009343440
-0.009343440
0.016712700
0.016712700
0.061567000
0.061567000
0.124363000
0.124363000
0.196988000
0.196988000
0.274605000
0.274605000
0.354235000
0.354235000
0.433970000
0.433970000
0.512543000
0.512543000
0.589086000
0.589086000
0.662949000
0.662949000
0.733682000
0.733682000
0.800956000
0.800956000
0.864594000
0.864594000
0.924494000
0.924494000
0.980660000
0.980660000
1.033150000
1.033150000
1.082080000
1.082080000
1.127590000
1.127590000
1.169850000
1.169850000
1.209030000
1.209030000
1.245330000
1.245330000
1.278920000
1.278920000
1.310020000
1.310020000
1.338760000
1.338760000
1.365360000
1.365360000
1.389930000
1.389930000
1.412660000
1.412660000
1.433650000
1.433650000
1.453070000
1.453070000
1.470990000
1.470990000
1.487560000
1.487560000
1.502830000
1.502830000
1.516940000
1.516940000
1.529910000
1.529910000
1.541870000
1.541870000
1.552820000
1.552820000
1.562890000
1.562890000
1.572040000
1.572040000
1.580420000
1.580420000
1.587960000
1.587960000
1.594820000
1.594820000
1.600870000
1.600870000
1.606340000
1.606340000
1.611040000
1.611040000
1.615220000
1.615220000
1.618650000
1.618650000
1.621640000
1.621640000
1.623880000
1.623880000
1.625760000
1.625760000
1.626880000
1.626880000
1.627730000
1.627730000
1.627810000
1.627810000
1.627430000
1.627430000
1.626640000
1.626640000
1.625390000
1.625390000
1.623700000
1.623700000
1.621560000
1.621560000
1.618990000
1.618990000
1.616020000
1.616020000
1.612640000
1.612640000
1.608860000
1.608860000
1.604710000
1.604710000
1.600190000
1.600190000
1.595320000
1.595320000
1.590110000
1.590110000
1.584570000
1.584570000
1.578720000
1.578720000
1.572570000
1.572570000
1.566140000
1.566140000
1.559440000
1.559440000
1.552480000
1.552480000
1.545290000
1.545290000
1.537870000
1.537870000
1.530250000
1.530250000
1.522430000
1.522430000
1.514430000
1.514430000
1.506270000
1.506270000
1.497960000
1.497960000
1.489510000
1.489510000
1.480940000
1.480940000
1.472260000
1.472260000
1.463470000
1.463470000
1.454600000
1.454600000
1.445650000
1.445650000
1.436640000
1.436640000
1.427550000
1.427550000
1.418410000
1.418410000
1.409200000
1.409200000
1.399940000
1.399940000
1.390620000
1.390620000
1.381240000
1.381240000
1.371790000
1.371790000
1.362270000
1.362270000
1.352670000
1.352670000
1.342970000
1.342970000
1.333180000
1.333180000
1.323260000
1.323260000
1.313230000
1.313230000
1.303050000
1.303050000
1.292710000
1.292710000
1.282220000
1.282220000
1.271540000
1.271540000
1.260670000
1.260670000
1.249610000
1.249610000
1.238340000
1.238340000
1.226850000
1.226850000
1.215150000
1.215150000
1.203230000
1.203230000
1.191100000
1.191100000
1.178740000
1.178740000
1.166180000
1.166180000
1.153410000
1.153410000
1.140450000
1.140450000
1.127300000
1.127300000
1.113980000
1.113980000
1.100510000
1.100510000
1.086880000
1.086880000
1.073130000
1.073130000
1.059270000
1.059270000
1.045300000
1.045300000
1.031260000
1.031260000
1.017150000
1.017150000
1.002990000
1.002990000
0.988801000
0.988801000
0.974592000
0.974592000
0.960383000
0.960383000
0.946187000
0.946187000
0.932019000
0.932019000
0.917894000
0.917894000
0.903822000
0.903822000
0.889817000
0.889817000
0.875894000
0.875894000
0.862064000
0.862064000
0.848337000
0.848337000
0.834724000
0.834724000
0.821233000
0.821233000
0.807875000
0.807875000
0.794657000
0.794657000
0.781586000
0.781586000
0.768670000
0.768670000
0.755915000
0.755915000
0.743325000
0.743325000
0.730907000
0.730907000
0.718665000
0.718665000
0.706602000
0.706602000
0.694723000
0.694723000
0.683030000
0.683030000
0.671526000
0.671526000
0.660212000
0.660212000
0.649091000
0.649091000
0.638163000
0.638163000
0.627430000
0.627430000
0.616892000
0.616892000
0.606548000
0.606548000
0.596400000
0.596400000
0.586446000
0.586446000
0.576687000
0.576687000
0.567119000
0.567119000
0.557744000
0.557744000
0.548559000
0.548559000
0.539562000
0.539562000
0.530753000
0.530753000
0.522128000
0.522128000
0.513687000
0.513687000
0.505426000
0.505426000
0.497343000
0.497343000
0.489436000
0.489436000
0.481702000
0.481702000
0.474139000
0.474139000
0.466744000
0.466744000
0.459513000
0.459513000
0.452445000
0.452445000
0.445537000
0.445537000
0.438785000
0.438785000
0.432186000
0.432186000
0.425738000
0.425738000
0.419438000
0.419438000
0.413282000
0.413282000
0.407268000
0.407268000
0.401392000
0.401392000
0.395652000
0.395652000
0.390045000
0.390045000
0.384568000
0.384568000
0.379218000
0.379218000
0.373991000
0.373991000
0.368886000
0.368886000
0.363899000
0.363899000
0.359028000
0.359028000
0.354270000
0.354270000
0.349622000
0.349622000
0.345082000
0.345082000
0.340646000
0.340646000
0.336313000
0.336313000
0.332079000
0.332079000
0.327943000
0.327943000
0.323902000
0.323902000
0.319953000
0.319953000
0.316095000
0.316095000
0.312324000
0.312324000
0.308639000
0.308639000
0.305038000
0.305038000
0.301518000
0.301518000
0.298078000
0.298078000
0.294714000
0.294714000
0.291427000
0.291427000
0.288212000
0.288212000
0.285069000
0.285069000
0.281995000
0.281995000
0.278989000
0.278989000
0.276050000
0.276050000
0.273174000
0.273174000
0.270362000
0.270362000
0.267610000
0.267610000
0.264918000
0.264918000
0.262284000
0.262284000
0.259706000
0.259706000
0.257183000
0.257183000
0.254714000
0.254714000
0.252296000
0.252296000
0.249930000
0.249930000
0.247613000
0.247613000
0.245345000
0.245345000
0.243123000
0.243123000
0.240947000
0.240947000
0.238816000
0.238816000
0.236729000
0.236729000
0.234684000
0.234684000
0.232680000
0.232680000
0.230717000
0.230717000
0.228793000
0.228793000
0.226908000
0.226908000
0.225059000
0.225059000
0.223248000
0.223248000
0.221471000
0.221471000
0.219730000
0.219730000
0.218022000
0.218022000
0.216347000
0.216347000
0.214704000
0.214704000
0.213093000
0.213093000
0.211512000
0.211512000
0.209961000
0.209961000
0.208439000
0.208439000
0.206946000
0.206946000
0.205480000
0.205480000
0.204042000
0.204042000
0.202630000
0.202630000
0.201243000
0.201243000
0.199882000
0.199882000
0.198545000
0.198545000
0.197232000
0.197232000
0.195943000
0.195943000
0.194676000
0.194676000
0.193432000
0.193432000
0.192210000
0.192210000
0.191009000
0.191009000
0.189828000
0.189828000
0.188668000
0.188668000
0.187528000
0.187528000
0.186407000
0.186407000
0.185306000
0.185306000
0.184222000
0.184222000
0.183157000
0.183157000
0.182109000
0.182109000
0.181079000
0.181079000
0.180066000
0.180066000
0.179069000
0.179069000
0.178088000
0.178088000
0.177123000
0.177123000
0.176173000
0.176173000
0.175239000
0.175239000
0.174319000
0.174319000
0.173413000
0.173413000
0.172522000
0.172522000
0.171644000
0.171644000
0.170780000
0.170780000
0.169929000
0.169929000
0.169091000
0.169091000
0.168265000
0.168265000
0.167452000
0.167452000
0.166651000
0.166651000
0.165861000
0.165861000
0.165083000
0.165083000
0.164316000
0.164316000
0.163561000
0.163561000
0.162816000
0.162816000
0.162081000
0.162081000
0.161357000
0.161357000
0.160643000
0.160643000
0.159939000
0.159939000
0.159244000
0.159244000
0.158559000
0.158559000
0.157883000
0.157883000
0.157216000
0.157216000
0.156558000
0.156558000
0.155908000
0.155908000
0.155267000
0.155267000
0.154635000
0.154635000
0.154010000
0.154010000
0.153393000
0.153393000
0.152784000
0.152784000
0.152182000
0.152182000
0.151588000
0.151588000
0.151001000
0.151001000
0.150422000
0.150422000
0.149849000
0.149849000
0.149283000
0.149283000
0.148723000
0.148723000
0.148170000
0.148170000
0.147623000
0.147623000
0.147083000
0.147083000
0.146548000
0.146548000
0.146020000
0.146020000
0.145497000
0.145497000
0.144980000
0.144980000
0.144468000
0.144468000
0.143962000
0.143962000
0.143461000
0.143461000
0.142965000
0.142965000
0.142475000
0.142475000
0.141989000
0.141989000
0.141508000
0.141508000
0.141031000
0.141031000
0.140560000
0.140560000
0.140092000
0.140092000
0.139630000
0.139630000
0.139171000
0.139171000
0.138716000
0.138716000
0.138266000
0.138266000
0.137820000
0.137820000
0.137377000
0.137377000
0.136938000
0.136938000
0.136503000
0.136503000
0.136072000
0.136072000
0.135644000
0.135644000
0.135219000
0.135219000
0.134798000
0.134798000
0.134380000
0.134380000
0.133965000
0.133965000
0.133553000
0.133553000
0.133144000
0.133144000
0.132738000
0.132738000
0.132335000
0.132335000
0.131935000
0.131935000
0.131537000
0.131537000
0.131142000
0.131142000
0.130749000
0.130749000
0.130359000
0.130359000
0.129971000
0.129971000
0.129586000
0.129586000
0.129202000
0.129202000
0.128821000
0.128821000
0.128441000
0.128441000
0.128063000
0.128063000
0.127686000
0.127686000
0.127311000
0.127311000
0.126936000
0.126936000
0.126562000
0.126562000
0.126187000
0.126187000
0.125811000
0.125811000
0.125434000
0.125434000
0.125056000
0.125056000
0.124675000
0.124675000
0.124290000
0.124290000
0.123901000
0.123901000
0.123507000
0.123507000
0.123105000
0.123105000
0.122697000
0.122697000
0.122279000
0.122279000
0.121851000
0.121851000
0.121413000
0.121413000
0.120964000
0.120964000
0.120503000
0.120503000
0.120031000
0.120031000
0.119549000
0.119549000
0.119061000
0.119061000
0.118570000
0.118570000
0.118078000
0.118078000
0.117581000
0.117581000
0.117077000
0.117077000
0.116559000
0.116559000
0.116018000
0.116018000
0.115447000
0.115447000
0.114838000
0.114838000
0.114193000
0.114193000
0.113526000
0.113526000
0.112846000
0.112846000
0.112184000
0.112184000
0.111513000
0.111513000
0.110917000
0.110917000
0.109996000
0.109996000
-0.000000000
-0.000000000
-0.000000000
-0.000000000
-0.000000000
-0.000000000
-0.000000000
-0.000000000
-0.000000000
-0.000000000
-0.000000000
-0.000000000
-0.000000000
-0.000000000
-0.000000000
-0.000000000
-0.000000000
-0.000000000
-0.000000000
-0.000000000
-0.000000000
-0.000000000
-0.000000000
-0.000000000
-0.000000000
-0.000000000
-0.000000000
-0.000000000
-0.000000000
-0.000000000
-0.000000000
-0.000000000
-0.000000000
-0.000000000
-0.000000000
-0.000000000
-0.000000000
-0.000000000
-0.000000000
-0.000000000
-0.000000000
-0.000000000
-0.000000000
-0.000000000
-0.000000000
-0.000000000
-0.000000000
-0.000000000
-0.000000000
-0.000000000
-0.000000000
-0.000000000
-0.000000000
-0.000000000
-0.000000000
-0.000000000
-0.000000000
-0.000000000
-0.000000000
-0.000000000
-0.000000000
-0.000000000
-0.000000000
-0.000000000
-0.000000000
-0.000000000
-0.000000000
-0.000000000
-0.000000000
-0.000000000
-0.000000000
-0.000000000
-0.000000000
-0.000000000
-0.000000000
-0.000000000
-0.000000000
-0.000000000
-0.000000000
-0.000000000
-0.000000000
-0.000000000
-0.000000000
-0.000000000
-0.000000000
-0.000000000
-0.000000000
-0.000000000
-0.000000000
-0.000000000
-0.000000000
-0.000000000
-0.000000000
-0.000000000
-0.000000000
-0.000000000
-0.000000000
-0.000000000
-0.000000000
-0.000000000
-0.000000000
-0.000000000
-0.000000000
-0.000000000
-0.000000000
-0.000000000
-0.000000000
-0.000000000
-0.000000000
-0.000000000
-0.000000000
-0.000000000
-0.000000000
-0.000000000
-0.000000000
-0.000000000
-0.000000000
-0.000000000
-0.000000000
-0.000000000
-0.000000000
-0.000000000
-0.000000000
-0.000000000
-0.000000000
-0.000000000
-0.000000000
-0.000000000
-0.000000000
-0.000000000
-0.000000000
-0.000000000
-0.000000000
-0.000000000
-0.000000000
-0.000000000
-0.000000000
-0.000000000
-0.000000000
-0.000000000
-0.000000000
-0.000000000
-0.000000000
-0.000000000
-0.000000000
-0.000000000
-0.000000000
-0.000000000
-0.000000000
-0.000000000
-0.000000000
-0.000000000
-0.000000000
-0.000000000
-0.000000000
-0.000000000
-0.000000000
-0.000000000
-0.000000000
-0.000000000
-0.000000000
-0.000000000
-0.000000000
-0.000000000
-0.000000000
-0.000000000
-0.000000000
-0.000000000
-0.000000000
-0.000000000
-0.000000000
-0.000000000
-0.000000000
-0.000000000
-0.000000000
-0.000000000
-0.000000000
-0.000000000
-0.000000000
-0.000000000
-0.000000000
-0.000000000
-0.000000000
-0.000000000
-0.000000000
-0.000000000
-0.000000000
-0.000000000
-0.000000000
-0.000000000
-0.000000000
-0.000000000
-0.000000000
-0.000000000
-0.000000000
-0.000000000
-0.000000000
-0.000000000
-0.000000000
-0.000000000
-0.000000000
-0.000000000
-0.000000000
-0.000000000
-0.000000000
-0.000000000
-0.000000000
-0.000000000
-0.000000000
-0.000000000
-0.000000000
-0.000000000
-0.000000000
-0.000000000
-0.000000000
-0.000000000
-0.000000000
-0.000000000
-0.000000000
-0.000000000
-0.000000000
-0.000000000
-0.000000000
-0.000000000
-0.000000000
-0.000000000
-0.000000000
-0.000000000
-0.000000000
-0.000000000
-0.000000000
-0.000000000
-0.000000000
-0.000000000
-0.000000000
-0.000000000
-0.000000000
-0.000000000
-0.000000000
-0.000000000
-0.000000000
-0.000000000
-0.000000000
-0.000000000
-0.000000000
-0.000000000
-0.000000000
-0.000000000
-0.000000000
-0.000000000
-0.000000000
-0.000000000
-0.000000000
-0.000000000
-0.000000000
-0.000000000
-0.000000000
-0.000000000
-0.000000000
-0.000000000
-0.000000000
-0.000000000
-0.000000000
-0.000000000
-0.000000000
-0.000000000
-0.000000000
-0.000000000
-0.000000000
-0.000000000
-0.000000000
-0.000000000
-0.000000000
-0.000000000
-0.000000000
-0.000000000
-0.000000000
-0.000000000
-0.000000000
-0.000000000
-0.000000000
-0.000000000
-0.000000000
-0.000000000
-0.000000000
-0.000000000
-0.000000000
-0.000000000
-0.000000000
-0.000000000
-0.000000000
-0.000000000
-0.000000000
-0.000000000
-0.000000000
-0.000000000
-0.000000000
-0.000000000
-0.000000000
-0.000000000
-0.000000000
-0.000000000
-0.000000000
-0.000000000
-0.000000000
-0.000000000
-0.000000000
-0.000000000
-0.000000000
-0.000000000
-0.000000000
-0.000000000
-0.000000000
-0.000000000
-0.000000000
-0.000000000
-0.000000000
-0.000000000
-0.000000000
-0.000000000
-0.000000000
-0.000000000
-0.000000000
-0.000000000
-0.000000000
-0.000000000
-0.000000000
-0.000000000
-0.000000000
-0.000000000
-0.000000000
-0.000000000
-0.000000000
-0.000000000
-0.000000000
-0.000000000
-0.000000000
-0.000000000
-0.000000000
-0.000000000
-0.000000000
-0.000000000
-0.000000000
-0.000000000
-0.000000000
-0.000000000
-0.000000000
-0.000000000
-0.000000000
-0.000000000
-0.000000000
-0.000000000
-0.000000000
-0.000000000
-0.000000000
-0.000000000
-0.000000000
-0.000000000
-0.000000000
-0.000000000
-0.000000000
-0.000000000
-0.000000000
-0.000000000
-0.000000000
-0.000000000
-0.000000000
-0.000000000
-0.000000000
-0.000000000
-0.000000000
-0.000000000
-0.000000000
-0.000000000
-0.000000000
-0.000000000
-0.000000000
-0.000000000
-0.000000000
-0.000000000
-0.000000000
-0.000000000
-0.000000000
-0.000000000
-0.000000000
-0.000000000
-0.000000000
-0.000000000
-0.000000000
-0.000000000
-0.000000000
-0.000000000
-0.000000000
-0.000000000
-0.000000000
-0.000000000
-0.000000000
-0.000000000
-0.000000000
-0.000000000
-0.000000000
-0.000000000
-0.000000000
-0.000000000
-0.000000000
-0.000000000
-0.000000000
-0.000000000
-0.000000000
-0.000000000
-0.000000000
-0.000000000
-0.000000000
-0.000000000
-0.000000000
-0.000000000
-0.000000000
-0.000000000
-0.000000000
-0.000000000
-0.000000000
-0.000000000
-0.000000000
-0.000000000
-0.000000000
-0.000000000
-0.000000000
-0.000000000
-0.000000000
-0.000000000
-0.000000000
-0.000000000
-0.000000000
-0.000000000
-0.000000000
-0.000000000
-0.000000000
-0.000000000
-0.000000000
-0.000000000
-0.000000000
-0.000000000
-0.000000000
-0.000000000
-0.000000000
-0.000000000
-0.000000000
-0.000000000
-0.000000000
-0.000000000
-0.000000000
-0.000000000
-0.000000000
-0.000000000
-0.000000000
-0.000000000
-0.000000000
-0.000000000
-0.000000000
-0.000000000
-0.000000000
-0.000000000
-0.000000000
-0.000000000
-0.000000000
-0.000000000
-0.000000000
-0.000000000
0.000000000
0.000000000
0.000000000
0.000000000
0.000000000
0.000000000
0.000000000
0.000000000
0.000000000
0.000000000
0.000000000
0.000000000
0.000000000
0.000000000
0.000000000
0.000000000
0.000000000
0.000000000
0.000000000
0.000000000
0.000000000
0.000000000
0.000000000
0.000000000
0.000000000
0.000000000
0.000000000
0.000000000
0.000000000
0.000000000
0.000000000
0.000000000
0.000000000
0.000000000
0.000000000
0.000000000
0.000000000
0.000000000
0.000000000
0.000000000
0.000000000
0.000000000
0.000000000
0.000000000
0.000000000
0.000000000
0.000000000
0.000000000
0.000000000
0.000000000
0.000000000
0.000000000
0.000000000
0.000000000
0.000000000
0.000000000
0.000000000
0.000000000
0.000000000
0.000000000
0.000000000
0.000000000
0.000000000
0.000000000
0.000000000
0.000000000
0.000000000
0.000000000
0.000000000
0.000000000
0.000000000
0.000000000
0.000000000
0.000000000
0.000000000
0.000000000
0.000000000
0.000000000
0.000000000
0.000000000
0.000000000
0.000000000
0.000000000
0.000000000
0.000000000
0.000000000
0.000000000
0.000000000
0.000000000
0.000000000
0.000000000
0.000000000
0.000000000
0.000000000
0.000000000
0.000000000
0.000000000
0.000000000
0.000000000
0.000000000
0.000000000
0.000000000
0.000000000
0.000000000
0.000000000
0.000000000
0.000000000
0.000000000
0.000000000
0.000000000
0.000000000
0.000000000
0.000000000
0.000000000
0.000000000
0.000000000
0.000000000
0.000000000
0.000000000
0.000000000
0.000000000
0.000000000
0.000000000
0.000000000
0.000000000
0.000000000
0.000000000
0.000000000
0.000000000
0.000000000
0.000000000
0.000000000
0.000000000
0.000000000
0.000000000
0.000000000
0.000000000
0.000000000
0.000000000
0.000000000
0.000000000
0.000000000
0.000000000
0.000000000
0.000000000
0.000000000
0.000000000
0.000000000
0.000000000
0.000000000
0.000000000
0.000000000
0.000000000
0.000000000
0.000000000
0.000000000
0.000000000
0.000000000
0.000000000
0.000000000
0.000000000
0.000000000
0.000000000
0.000000000
0.000000000
0.000000000
0.000000000
0.000000000
0.000000000
0.000000000
0.000000000
0.000000000
0.000000000
0.000000000
0.000000000
0.000000000
0.000000000
0.000000000
0.000000000
0.000000000
0.000000000
0.000000000
0.000000000
0.000000000
0.000000000
0.000000000
0.000000000
0.000000000
0.000000000
0.000000000
0.000000000
0.000000000
0.000000000
0.000000000
0.000000000
0.000000000
0.000000000
0.000000000
0.000000000
0.000000000
0.000000000
0.000000000
0.000000000
0.000000000
0.000000000
0.000000000
0.000000000
0.000000000
0.000000000
0.000000000
0.000000000
0.000000000
0.000000000
0.000000000
0.000000000
0.000000000
0.000000000
0.000000000
0.000000000
0.000000000
0.000000000
0.000000000
0.000000000
0.000000000
0.000000000
0.000000000
0.000000000
0.000000000
0.000000000
0.000000000
0.000000000
0.000000000
0.000000000
0.000000000
0.000000000
0.000000000
0.000000000
0.000000000
0.000000000
0.000000000
0.000000000
0.000000000
0.000000000
0.000000000
0.000000000
0.000000000
0.000000000
0.000000000
0.000000000
0.000000000
0.000000000
0.000000000
0.000000000
0.000000000
0.000000000
0.000000000
0.000000000
0.000000000
0.000000000
0.000000000
0.000000000
0.000000000
0.000000000
0.000000000
0.000000000
0.000000000
0.000000000
0.000000000
0.000000000
0.000000000
0.000000000
0.000000000
0.000000000
0.000000000
0.000000000
0.000000000
0.000000000
0.000000000
0.000000000
0.000000000
0.000000000
0.000000000
0.000000000
0.000000000
0.000000000
0.000000000
0.000000000
0.000000000
0.000000000
0.000000000
0.000000000
0.000000000
0.000000000
0.000000000
0.000000000
0.000000000
0.000000000
0.000000000
0.000000000
0.000000000
0.000000000
0.000000000
0.000000000
0.000000000
0.000000000
0.000000000
0.000000000
0.000000000
0.000000000
0.000000000
0.000000000
0.000000000
0.000000000
0.000000000
0.000000000
0.000000000
0.000000000
0.000000000
0.000000000
0.000000000
0.000000000
0.000000000
0.000000000
0.000000000
0.000000000
0.000000000
0.000000000
0.000000000
0.000000000
0.000000000
0.000000000
0.000000000
-0.000000000
-0.000000000
-358.437000000
-358.437000000
-358.437000000
-358.437000000
-406.155000000
-406.155000000
-432.099000000
-432.099000000
-419.863000000
-419.863000000
-378.207000000
-378.207000000
-322.665000000
-322.665000000
-263.728000000
-263.728000000
-211.612000000
-211.612000000
-170.107000000
-170.107000000
-139.697000000
-139.697000000
-118.846000000
-118.846000000
-104.764000000
-104.764000000
-96.070900000
-96.070900000
-91.252900000
-91.252900000
-89.180800000
-89.180800000
-89.066100000
-89.066100000
-90.359900000
-90.359900000
-92.663400000
-92.663400000
-95.671700000
-95.671700000
-99.145300000
-99.145300000
-102.896000000
-102.896000000
-106.776000000
-106.776000000
-110.673000000
-110.673000000
-114.500000000
-114.500000000
-118.195000000
-118.195000000
-121.714000000
-121.714000000
-125.027000000
-125.027000000
-128.117000000
-128.117000000
-130.977000000
-130.977000000
-133.607000000
-133.607000000
-136.010000000
-136.010000000
-138.195000000
-138.195000000
-140.172000000
-140.172000000
-141.954000000
-141.954000000
-143.552000000
-143.552000000
-144.981000000
-144.981000000
-146.252000000
-146.252000000
-147.378000000
-147.378000000
-148.370000000
-148.370000000
-149.239000000
-149.239000000
-149.995000000
-149.995000000
-150.647000000
-150.647000000
-151.201000000
-151.201000000
-151.666000000
-151.666000000
-152.048000000
-152.048000000
-152.352000000
-152.352000000
-152.583000000
-152.583000000
-152.745000000
-152.745000000
-152.841000000
-152.841000000
-152.875000000
-152.875000000
-152.848000000
-152.848000000
-152.763000000
-152.763000000
-152.622000000
-152.622000000
-152.426000000
-152.426000000
-152.176000000
-152.176000000
-151.873000000
-151.873000000
-151.517000000
-151.517000000
-151.111000000
-151.111000000
-150.653000000
-150.653000000
-150.145000000
-150.145000000
-149.588000000
-149.588000000
-148.984000000
-148.984000000
-148.338000000
-148.338000000
-147.636000000
-147.636000000
-146.879000000
-146.879000000
-146.071000000
-146.071000000
-145.214000000
-145.214000000
-144.311000000
-144.311000000
-143.361000000
-143.361000000
-142.366000000
-142.366000000
-141.325000000
-141.325000000
-140.239000000
-140.239000000
-139.109000000
-139.109000000
-137.935000000
-137.935000000
-136.719000000
-136.719000000
-135.462000000
-135.462000000
-134.165000000
-134.165000000
-132.829000000
-132.829000000
-131.456000000
-131.456000000
-130.046000000
-130.046000000
-128.601000000
-128.601000000
-127.123000000
-127.123000000
-125.614000000
-125.614000000
-124.073000000
-124.073000000
-122.505000000
-122.505000000
-120.909000000
-120.909000000
-119.287000000
-119.287000000
-117.642000000
-117.642000000
-115.974000000
-115.974000000
-114.286000000
-114.286000000
-112.580000000
-112.580000000
-110.857000000
-110.857000000
-109.119000000
-109.119000000
-107.368000000
-107.368000000
-105.605000000
-105.605000000
-103.832000000
-103.832000000
-102.051000000
-102.051000000
-100.264000000
-100.264000000
-98.472400000
-98.472400000
-96.677800000
-96.677800000
-94.881800000
-94.881800000
-93.085800000
-93.085800000
-91.291500000
-91.291500000
-89.500400000
-89.500400000
-87.714100000
-87.714100000
-85.934000000
-85.934000000
-84.161500000
-84.161500000
-82.398000000
-82.398000000
-80.644600000
-80.644600000
-78.902700000
-78.902700000
-77.173200000
-77.173200000
-75.457300000
-75.457300000
-73.756100000
-73.756100000
-72.070600000
-72.070600000
-70.401600000
-70.401600000
-68.750100000
-68.750100000
-67.116600000
-67.116600000
-65.502400000
-65.502400000
-63.907800000
-63.907800000
-62.333000000
-62.333000000
-60.778600000
-60.778600000
-59.245200000
-59.245200000
-57.733500000
-57.733500000
-56.243800000
-56.243800000
-54.776600000
-54.776600000
-53.332200000
-53.332200000
-51.910700000
-51.910700000
-50.512400000
-50.512400000
-49.137400000
-49.137400000
-47.786100000
-47.786100000
-46.458500000
-46.458500000
-45.154700000
-45.154700000
-43.874900000
-43.874900000
-42.619200000
-42.619200000
-41.387400000
-41.387400000
-40.179800000
-40.179800000
-38.996200000
-38.996200000
-37.836600000
-37.836600000
-36.701000000
-36.701000000
-35.589400000
-35.589400000
-34.501800000
-34.501800000
-33.437900000
-33.437900000
-32.397600000
-32.397600000
-31.380700000
-31.380700000
-30.387100000
-30.387100000
-29.416500000
-29.416500000
-28.468900000
-28.468900000
-27.544000000
-27.544000000
-26.641600000
-26.641600000
-25.761400000
-25.761400000
-24.903200000
-24.903200000
-24.066900000
-24.066900000
-23.252000000
-23.252000000
-22.458300000
-22.458300000
-21.685600000
-21.685600000
-20.933500000
-20.933500000
-20.201700000
-20.201700000
-19.489900000
-19.489900000
-18.797900000
-18.797900000
-18.125200000
-18.125200000
-17.471600000
-17.471600000
-16.836700000
-16.836700000
-16.220100000
-16.220100000
-15.621600000
-15.621600000
-15.040700000
-15.040700000
-14.477200000
-14.477200000
-13.930600000
-13.930600000
-13.400700000
-13.400700000
-12.887000000
-12.887000000
-12.389200000
-12.389200000
-11.906900000
-11.906900000
-11.439800000
-11.439800000
-10.987600000
-10.987600000
-10.549800000
-10.549800000
-10.126200000
-10.126200000
-9.716310000
-9.716310000
-9.319860000
-9.319860000
-8.936500000
-8.936500000
-8.565870000
-8.565870000
-8.207640000
-8.207640000
-7.861480000
-7.861480000
-7.527040000
-7.527040000
-7.204020000
-7.204020000
-6.892080000
-6.892080000
-6.590900000
-6.590900000
-6.300190000
-6.300190000
-6.019630000
-6.019630000
-5.748920000
-5.748920000
-5.487760000
-5.487760000
-5.235880000
-5.235880000
-4.992970000
-4.992970000
-4.758780000
-4.758780000
-4.533010000
-4.533010000
-4.315420000
-4.315420000
-4.105740000
-4.105740000
-3.903720000
-3.903720000
-3.709100000
-3.709100000
-3.521660000
-3.521660000
-3.341150000
-3.341150000
-3.167350000
-3.167350000
-3.000030000
-3.000030000
-2.838980000
-2.838980000
-2.683980000
-2.683980000
-2.534840000
-2.534840000
-2.391350000
-2.391350000
-2.253310000
-2.253310000
-2.120550000
-2.120550000
-1.992880000
-1.992880000
-1.870130000
-1.870130000
-1.752110000
-1.752110000
-1.638670000
-1.638670000
-1.529650000
-1.529650000
-1.424890000
-1.424890000
-1.324230000
-1.324230000
-1.227540000
-1.227540000
-1.134670000
-1.134670000
-1.045490000
-1.045490000
-0.959866000
-0.959866000
-0.877667000
-0.877667000
-0.798772000
-0.798772000
-0.723058000
-0.723058000
-0.650409000
-0.650409000
-0.580680000
-0.580680000
-0.513829000
-0.513829000
-0.449746000
-0.449746000
-0.388317000
-0.388317000
-0.329435000
-0.329435000
-0.273006000
-0.273006000
-0.218940000
-0.218940000
-0.167154000
-0.167154000
-0.117565000
-0.117565000
-0.070093100
-0.070093100
-0.024659600
-0.024659600
0.018809900
0.018809900
0.060387600
0.060387600
0.100143000
0.100143000
0.138143000
0.138143000
0.174453000
0.174453000
0.209134000
0.209134000
0.242247000
0.242247000
0.273849000
0.273849000
0.303996000
0.303996000
0.332742000
0.332742000
0.360138000
0.360138000
0.386234000
0.386234000
0.411078000
0.411078000
0.434716000
0.434716000
0.457192000
0.457192000
0.478550000
0.478550000
0.498830000
0.498830000
0.518074000
0.518074000
0.536322000
0.536322000
0.553610000
0.553610000
0.569966000
0.569966000
0.585425000
0.585425000
0.600022000
0.600022000
0.613791000
0.613791000
0.626762000
0.626762000
0.638965000
0.638965000
0.650427000
0.650427000
0.661176000
0.661176000
0.671237000
0.671237000
0.680635000
0.680635000
0.689395000
0.689395000
0.697541000
0.697541000
0.705094000
0.705094000
0.712076000
0.712076000
0.718508000
0.718508000
0.724411000
0.724411000
0.729803000
0.729803000
0.734704000
0.734704000
0.739132000
0.739132000
0.743103000
0.743103000
0.746634000
0.746634000
0.749738000
0.749738000
0.752433000
0.752433000
0.754734000
0.754734000
0.756655000
0.756655000
0.758211000
0.758211000
0.759413000
0.759413000
0.760276000
0.760276000
0.760811000
0.760811000
0.761030000
0.761030000
0.760944000
0.760944000
0.760565000
0.760565000
0.759903000
0.759903000
0.758969000
0.758969000
0.757772000
0.757772000
0.756321000
0.756321000
0.754625000
0.754625000
0.752692000
0.752692000
0.750532000
0.750532000
0.748153000
0.748153000
0.745562000
0.745562000
0.742767000
0.742767000
0.739776000
0.739776000
0.736596000
0.736596000
0.733232000
0.733232000
0.729693000
0.729693000
0.725983000
0.725983000
0.722110000
0.722110000
0.718077000
0.718077000
0.713892000
0.713892000
0.709559000
0.709559000
0.705084000
0.705084000
0.700472000
0.700472000
0.695728000
0.695728000
0.690857000
0.690857000
0.685862000
0.685862000
0.680748000
0.680748000
0.675520000
0.675520000
0.670182000
0.670182000
0.664736000
0.664736000
0.659187000
0.659187000
0.653538000
0.653538000
0.647794000
0.647794000
0.641957000
0.641957000
0.636030000
0.636030000
0.630018000
0.630018000
0.623921000
0.623921000
0.617745000
0.617745000
0.611490000
0.611490000
0.605160000
0.605160000
0.598758000
0.598758000
0.592286000
0.592286000
0.585746000
0.585746000
0.579141000
0.579141000
0.572473000
0.572473000
0.565744000
0.565744000
0.558956000
0.558956000
0.552111000
0.552111000
0.545211000
0.545211000
0.538258000
0.538258000
0.531253000
0.531253000
0.524199000
0.524199000
0.517097000
0.517097000
0.509948000
0.509948000
0.502755000
0.502755000
0.495517000
0.495517000
0.488238000
0.488238000
0.480918000
0.480918000
0.473558000
0.473558000
0.466160000
0.466160000
0.458725000
0.458725000
0.451254000
0.451254000
0.443747000
0.443747000
0.436208000
0.436208000
0.428635000
0.428635000
0.421030000
0.421030000
0.413394000
0.413394000
0.405729000
0.405729000
0.398034000
0.398034000
0.390311000
0.390311000
0.382562000
0.382562000
0.374786000
0.374786000
0.366986000
0.366986000
0.359163000
0.359163000
0.351317000
0.351317000
0.343452000
0.343452000
0.335568000
0.335568000
0.327668000
0.327668000
0.319753000
0.319753000
0.311831000
0.311831000
0.303906000
0.303906000
0.295982000
0.295982000
0.288059000
0.288059000
0.280135000
0.280135000
0.272214000
0.272214000
0.264299000
0.264299000
0.256394000
0.256394000
0.248508000
0.248508000
0.240647000
0.240647000
0.232814000
0.232814000
0.225009000
0.225009000
0.217233000
0.217233000
0.209484000
0.209484000
0.201761000
0.201761000
0.194059000
0.194059000
0.186375000
0.186375000
0.178693000
0.178693000
0.170993000
0.170993000
0.163251000
0.163251000
0.155434000
0.155434000
0.147507000
0.147507000
0.139475000
0.139475000
0.131408000
0.131408000
0.123380000
0.123380000
0.115426000
0.115426000
0.107542000
0.107542000
0.099678900
0.099678900
0.091700200
0.091700200
0.083371900
0.083371900
0.074336800
0.074336800
0.064335700
0.064335700
0.053441300
0.053441300
0.042023300
0.042023300
0.030464000
0.030464000
0.018794200
0.018794200
0.006918610
0.006918610
-0.008002230
-0.008002230
